9500  323 8
10704  477 8
11060  479 8
9712  367 8
9834  364 8
10048  396 8
10376  426 8
11016  482 8
9568  333 8
9672  343 8
10324  410 8
9992  387 8
10328  417 8
10312  400 8
10272  411 8
10792  482 8
9772  381 8
10920  524 8
10904  494 8
10704  436 8
9992  398 8
10520  429 8
10584  433 8
9936  373 8
10612  399 8
10482  402 8
10446  408 8
10312  393 8
10880  482 8
10874  478 8
10672  452 8
9376  344 8
9896  384 8
10234  393 8
10980  489 8
19074  682 9
10240  387 8
10410  421 8
10384  450 8
10256  407 8
9680  372 8
10696  477 8
10660  436 8
9400  329 8
10112  408 8
10376  431 8
10424  436 8
10440  434 8
10504  445 8
10584  447 8
10214  450 8
10586  434 8
9848  374 8
10848  451 8
10656  472 8
10482  417 8
10504  456 8
11400  535 8
10112  424 8
11112  486 8
10032  406 8
10000  409 8
9178  292 8
10186  413 8
10104  386 8
11064  506 8
9960  403 8
10458  422 8
10762  462 8
10504  471 8
9192  347 8
10920  473 8
10384  444 8
10664  474 8
10808  468 8
6480  339 7
9958  353 8
10592  470 8
9992  389 8
10184  396 8
10180  373 8
11064  512 8
10666  441 8
10088  407 8
11064  507 8
9880  377 8
10064  389 8
10504  434 8
18786  660 9
10488  425 8
10696  466 8
10602  437 8
9816  351 8
10520  452 8
10264  401 8
10504  447 8
10384  468 8
9592  339 8
10986  482 8
10096  373 8
10720  464 8
10528  436 8
10840  478 8
10856  476 8
10176  417 8
11400  544 8
11208  518 8
11434  578 8
10044  395 8
9686  345 8
9832  388 8
9872  371 8
9956  360 8
10344  425 8
9896  388 8
10320  419 8
10328  422 8
10352  435 8
12372  607 8
10568  499 8
10520  445 8
10064  387 8
9840  383 8
11138  467 8
10280  420 8
10176  422 8
9736  366 8
10304  439 8
10344  438 8
10462  445 8
10754  454 8
11112  514 8
10608  462 8
10528  445 8
10874  464 8
10330  398 8
10570  441 8
10344  430 8
10120  404 8
10920  482 8
10324  438 8
9698  363 8
11816  520 8
10272  409 8
10832  505 8
10100  387 8
10028  387 8
9872  371 8
10824  471 8
10088  403 8
9896  406 8
10280  421 8
10376  449 8
10304  406 8
11228  504 8
9960  391 8
10280  423 8
10312  435 8
10600  457 8
11068  478 8
11018  493 8
10394  414 8
10440  429 8
10576  463 8
10576  434 8
9868  361 8
9488  357 8
10424  432 8
10656  477 8
10000  392 8
10394  415 8
10424  425 8
9600  358 8
10772  444 8
9668  341 8
10520  457 8
11120  511 8
11052  472 8
10032  380 8
10098  376 8
10080  408 8
9872  379 8
11160  507 8
10392  424 8
10368  431 8
9648  378 8
10912  485 8
10592  429 8
10056  393 8
10048  395 8
9972  363 8
11352  534 8
10904  482 8
10408  438 8
9348  325 8
10066  396 8
10616  436 8
10376  417 8
10568  455 8
11076  472 8
10120  392 8
10054  403 8
9992  383 8
10600  416 8
10376  432 8
10642  447 8
10560  450 8
10596  457 8
9816  385 8
10832  444 8
10778  463 8
10104  401 8
9762  357 8
10408  431 8
10808  474 8
10816  473 8
11088  486 8
10106  381 8
10852  464 8
10064  387 8
10568  422 8
9896  428 8
10266  418 8
10266  411 8
10224  402 8
10578  438 8
10312  409 8
10184  406 8
10384  439 8
9642  363 8
10266  408 8
10168  431 8
10400  436 8
10384  440 8
10448  410 8
10496  428 8
10714  465 8
10184  403 8
10258  397 8
10328  420 8
9328  311 8
10632  470 8
10536  455 8
10856  475 8
10056  397 8
10352  441 8
9600  364 8
9386  362 8
10384  443 8
10344  442 8
10376  429 8
10434  401 8
10016  388 8
10568  417 8
10184  460 8
9872  377 8
10128  399 8
9704  368 8
10442  414 8
10074  394 8
9880  374 8
10704  483 8
10648  430 8
9322  331 8
10536  449 8
11064  523 8
10024  407 8
10020  397 8
10360  433 8
10376  430 8
6648  343 7
10624  448 8
10042  382 8
10104  416 8
10280  424 8
11704  535 8
10016  394 8
10344  415 8
10596  467 8
10744  501 8
11368  497 8
10026  387 8
11128  503 8
9960  406 8
10622  424 8
10772  459 8
11032  490 8
10064  406 8
10316  424 8
11128  516 8
10232  383 8
10764  466 8
10492  468 8
10840  492 8
10354  369 8
10660  448 8
9388  338 8
10088  413 8
10392  430 8
10992  458 8
10384  437 8
11064  509 8
10120  428 8
10528  434 8
10088  432 8
10376  423 8
11152  518 8
10576  463 8
10424  435 8
10872  460 8
10520  456 8
10120  425 8
10396  447 8
9898  371 8
10326  400 8
10104  404 8
10008  403 8
10216  407 8
9744  360 8
10166  397 8
11096  466 8
10026  388 8
10328  431 8
10352  440 8
10816  473 8
9760  371 8
10408  450 8
9896  376 8
11010  476 8
11152  511 8
10058  402 8
9858  362 8
10576  462 8
10730  446 8
10564  442 8
9762  352 8
9392  374 8
10600  439 8
10112  384 8
6394  300 7
10344  424 8
10568  470 8
11160  513 8
10888  498 8
10920  513 8
10128  408 8
9800  375 8
10128  445 8
10424  438 8
9756  353 8
10502  395 8
10520  443 8
9898  372 8
10700  456 8
10252  396 8
9736  396 8
6504  352 7
10864  496 8
9832  370 8
10744  453 8
10202  415 8
9904  387 8
10718  437 8
10738  456 8
10138  384 8
10300  415 8
10120  429 8
10424  436 8
11088  503 8
6456  347 7
11288  513 8
11084  482 8
11024  481 8
10360  423 8
9602  353 8
18296  624 9
10682  423 8
10188  399 8
10798  468 8
11104  504 8
11740  552 8
10312  398 8
9768  398 8
10488  446 8
10442  430 8
10344  434 8
10408  430 8
10608  460 8
10362  434 8
10808  483 8
10484  428 8
10608  468 8
10314  431 8
11156  495 8
10078  405 8
10680  485 8
10936  498 8
10568  435 8
9592  355 8
10164  373 8
10032  400 8
10624  481 8
10600  436 8
10252  434 8
10454  413 8
9828  356 8
11514  519 8
10560  446 8
9554  344 8
9848  369 8
10176  406 8
10372  433 8
10360  446 8
10304  415 8
10540  436 8
9872  378 8
10274  428 8
10176  406 8
10288  420 8
6448  356 7
6696  349 7
10888  480 8
10850  470 8
10412  423 8
11080  492 8
10888  471 8
10440  425 8
10596  448 8
10384  438 8
10976  484 8
6136  296 7
10416  445 8
10608  470 8
10384  440 8
10416  453 8
9904  400 8
9840  373 8
10600  427 8
10376  440 8
10128  405 8
9136  308 8
9834  386 8
10672  442 8
9968  398 8
10468  430 8
9896  373 8
9932  373 8
11628  521 8
9782  363 8
9912  442 8
10960  447 8
10112  413 8
9422  330 8
11064  498 8
10160  396 8
10376  452 8
9674  352 8
10568  459 8
10000  410 8
10972  470 8
10384  433 8
9572  328 8
11100  471 8
10880  457 8
10456  449 8
10800  456 8
10312  401 8
10088  426 8
10072  403 8
10088  383 8
10448  403 8
10424  446 8
11120  517 8
10120  421 8
10044  389 8
10120  417 8
10432  451 8
10362  386 8
10328  435 8
10492  435 8
11304  527 8
9624  372 8
10490  452 8
10384  422 8
10472  432 8
10352  405 8
10978  457 8
10328  415 8
10312  387 8
10928  508 8
9892  383 8
10108  391 8
11144  506 8
10152  394 8
10648  476 8
11192  523 8
9546  363 8
10544  442 8
11080  519 8
10072  417 8
10796  454 8
11048  511 8
11256  513 8
10048  406 8
11034  493 8
10328  429 8
10904  495 8
9984  404 8
9970  372 8
11000  467 8
10600  458 8
11928  566 8
9928  372 8
9792  368 8
10272  440 8
10584  461 8
10092  413 8
10462  436 8
9378  304 8
9764  355 8
9514  342 8
10448  452 8
10392  442 8
10434  421 8
9856  376 8
10432  426 8
10464  441 8
10536  460 8
10552  440 8
10560  441 8
10792  449 8
11360  505 8
10196  410 8
10396  406 8
10402  409 8
10368  444 8
10544  411 8
10376  451 8
10536  458 8
11352  533 8
9946  378 8
10548  428 8
10848  475 8
10344  432 8
10048  413 8
10600  473 8
9786  351 8
11008  487 8
10738  437 8
11128  512 8
9928  395 8
10376  442 8
10328  432 8
10400  445 8
10256  402 8
10556  434 8
10352  429 8
10124  414 8
9592  357 8
10032  409 8
18816  682 9
10640  466 8
9152  328 8
10448  422 8
9888  392 8
10088  392 8
10400  435 8
10060  356 8
10376  430 8
10104  403 8
9834  361 8
9994  409 8
10180  392 8
10360  445 8
9878  371 8
10544  450 8
11100  465 8
11408  538 8
10776  445 8
10520  455 8
10424  435 8
10880  528 8
6668  333 7
10352  413 8
10312  433 8
10850  473 8
11080  489 8
10066  375 8
11024  520 8
10464  454 8
10344  430 8
9832  373 8
10290  410 8
10864  469 8
9604  346 8
10250  425 8
11160  510 8
10456  435 8
10384  428 8
10272  431 8
9120  313 8
10400  426 8
10176  394 8
10112  385 8
10840  485 8
10536  450 8
9986  375 8
10582  444 8
11032  489 8
10138  453 8
10072  430 8
10504  436 8
10784  474 8
11640  528 8
9912  374 8
10542  434 8
10520  441 8
9884  347 8
10152  452 8
10406  441 8
10856  469 8
10034  390 8
10560  453 8
9850  358 8
10348  424 8
10000  407 8
10648  470 8
10392  440 8
10112  387 8
10120  391 8
10296  429 8
10224  422 8
10810  457 8
10842  452 8
10320  422 8
10440  457 8
10128  385 8
10152  405 8
11168  516 8
10304  411 8
9280  316 8
10042  422 8
9552  344 8
10344  412 8
10080  400 8
10752  453 8
10304  416 8
10280  427 8
10344  438 8
10904  488 8
10904  488 8
11034  487 8
10954  483 8
10266  459 8
9692  366 8
10922  461 8
10488  460 8
8984  360 8
10536  434 8
11228  499 8
9378  332 8
10680  472 8
10880  463 8
9682  380 8
10264  468 8
9856  379 8
9904  373 8
9824  407 8
9686  347 8
9832  396 8
10480  439 8
10120  390 8
9908  385 8
10812  477 8
11112  513 8
10112  380 8
10000  432 8
10644  437 8
10024  378 8
10816  463 8
9472  346 8
10498  405 8
10088  379 8
10460  433 8
10392  445 8
9518  309 8
10632  473 8
11048  493 8
10424  449 8
10762  464 8
10360  436 8
10520  452 8
10392  427 8
10896  504 8
10368  429 8
10520  440 8
10280  432 8
10248  423 8
10274  399 8
10408  451 8
10424  468 8
10744  454 8
10206  415 8
9234  341 8
10376  413 8
10784  507 8
10150  367 8
10538  444 8
10392  433 8
10888  475 8
10400  446 8
10240  460 8
10768  485 8
10520  461 8
10400  439 8
10184  476 8
9970  400 8
10264  410 8
9988  386 8
9048  293 8
10328  428 8
10356  439 8
10448  434 8
10240  420 8
10808  478 8
10840  494 8
11082  514 8
10832  488 8
11064  514 8
10680  491 8
10246  391 8
10348  434 8
10120  392 8
10288  435 8
10676  454 8
10608  435 8
9648  376 8
9570  349 8
10828  453 8
10026  396 8
10618  437 8
10696  462 8
10456  452 8
10360  423 8
10680  491 8
10296  411 8
10764  463 8
9680  368 8
10530  440 8
10088  426 8
9610  344 8
10658  464 8
10554  414 8
10250  399 8
10056  400 8
10112  379 8
10416  434 8
9844  414 8
10432  451 8
10304  423 8
9980  396 8
10440  439 8
10424  462 8
10512  473 8
10726  454 8
10138  415 8
10648  482 8
11080  516 8
11094  500 8
10928  465 8
10878  489 8
11132  457 8
9856  384 8
10312  414 8
10704  497 8
9470  322 8
9898  374 8
10640  472 8
10168  400 8
10632  465 8
10408  436 8
10728  460 8
18040  595 9
10208  419 8
10104  426 8
9586  332 8
9896  373 8
9966  393 8
10856  481 8
10144  369 8
9992  388 8
10812  457 8
10032  404 8
11240  515 8
10016  407 8
9046  284 8
10856  489 8
10864  487 8
10576  456 8
10592  440 8
10872  501 8
9782  364 8
11208  478 8
11080  528 8
11064  503 8
10392  410 8
11058  504 8
9848  414 8
10384  432 8
9282  339 8
9992  397 8
11304  500 8
10088  391 8
10506  425 8
10884  473 8
10338  439 8
10040  418 8
10408  444 8
11352  538 8
10520  433 8
9880  382 8
10352  428 8
9128  333 8
9866  387 8
10636  444 8
10272  400 8
10186  406 8
10346  427 8
9568  383 8
10776  459 8
6268  318 7
10508  417 8
10376  432 8
10132  377 8
11080  509 8
10576  460 8
10744  463 8
10024  371 8
10360  433 8
10518  442 8
10392  436 8
11592  528 8
10840  486 8
10258  409 8
9948  389 8
10312  407 8
11392  520 8
10306  442 8
9108  332 8
10624  469 8
9778  360 8
9808  368 8
10424  430 8
10578  432 8
9920  389 8
11688  566 8
9840  360 8
10536  446 8
11252  484 8
9620  362 8
9522  322 8
10232  405 8
9880  400 8
10550  457 8
10512  430 8
9942  384 8
11056  498 8
10216  440 8
9416  349 8
11080  518 8
10048  426 8
9988  387 8
10368  442 8
9832  410 8
11160  509 8
10244  396 8
9880  386 8
10552  437 8
10544  447 8
9648  370 8
11360  521 8
10520  453 8
11048  492 8
6680  345 7
10512  425 8
11176  503 8
11200  531 8
10864  478 8
10088  385 8
10200  382 8
9896  383 8
10120  419 8
10522  431 8
9202  338 8
9684  347 8
10888  491 8
10280  414 8
10546  438 8
10098  425 8
10400  440 8
10706  405 8
10768  429 8
10370  427 8
10652  452 8
10332  397 8
10186  411 8
10324  419 8
11098  488 8
10600  421 8
10842  470 8
10090  378 8
10268  400 8
9408  327 8
10768  481 8
9890  383 8
10126  384 8
9444  331 8
10394  395 8
10536  462 8
6456  338 7
10894  458 8
10976  488 8
10304  432 8
6480  346 7
11064  504 8
11610  533 8
10586  432 8
10616  428 8
9688  378 8
10088  385 8
9848  364 8
10348  401 8
10072  401 8
10788  458 8
10856  482 8
10282  442 8
10624  460 8
11228  490 8
9400  327 8
11256  507 8
8988  287 8
10532  398 8
9900  359 8
9888  384 8
10778  435 8
10344  414 8
10676  469 8
9804  383 8
10024  391 8
9812  372 8
10336  427 8
10162  412 8
9968  391 8
11032  493 8
6456  315 7
10328  412 8
10412  415 8
10352  429 8
9998  381 8
10504  432 8
9724  357 8
9976  386 8
10496  439 8
10400  450 8
10832  474 8
10776  465 8
9960  389 8
9832  394 8
10936  473 8
10600  457 8
10408  435 8
10250  395 8
10240  395 8
10336  440 8
11080  520 8
10536  457 8
10606  420 8
10280  421 8
10072  402 8
10072  428 8
10264  418 8
10616  441 8
10776  460 8
11048  491 8
10420  418 8
10536  443 8
10344  417 8
10376  426 8
9954  393 8
10578  429 8
6304  341 7
9888  390 8
10568  454 8
10064  359 8
10656  479 8
10026  391 8
10992  529 8
11160  516 8
10320  411 8
10276  400 8
10568  448 8
10080  411 8
10752  465 8
10836  467 8
10468  428 8
10376  445 8
10104  388 8
10520  486 8
9628  357 8
9968  399 8
10032  402 8
10824  485 8
10576  444 8
6482  318 7
10360  433 8
10826  468 8
10480  428 8
10504  441 8
9796  341 8
10618  474 8
10268  394 8
10488  447 8
10220  409 8
10264  445 8
9414  321 8
9792  387 8
10360  430 8
10968  527 8
10536  452 8
11148  515 8
9840  365 8
9912  400 8
10528  437 8
10136  413 8
10888  504 8
10664  473 8
10648  458 8
10776  462 8
10360  429 8
10248  402 8
10404  427 8
9526  322 8
10320  433 8
10184  408 8
10024  414 8
9880  390 8
10952  520 8
9394  363 8
10424  430 8
11152  499 8
10372  423 8
9608  355 8
9418  316 8
10490  432 8
10234  395 8
10312  415 8
10890  464 8
10328  433 8
10488  454 8
10592  436 8
10368  422 8
10600  440 8
9722  371 8
10768  474 8
10840  498 8
10756  449 8
10296  433 8
10664  473 8
10792  452 8
10106  406 8
10892  450 8
9584  351 8
10456  471 8
9928  409 8
10290  419 8
10528  451 8
10328  424 8
10632  455 8
6290  317 7
8800  293 8
9360  362 8
9944  385 8
10856  457 8
10584  433 8
10584  454 8
10758  436 8
10280  438 8
10816  484 8
9818  385 8
10352  431 8
10616  445 8
10194  394 8
11122  500 8
10488  404 8
9912  422 8
10568  455 8
10560  455 8
10342  395 8
10472  437 8
10834  450 8
11100  505 8
10536  432 8
10384  413 8
10112  391 8
10076  379 8
10496  428 8
10448  428 8
10532  422 8
10130  408 8
10538  450 8
9922  387 8
10352  425 8
10080  378 8
10714  429 8
9208  320 8
9726  332 8
10240  391 8
10452  423 8
9920  383 8
10480  456 8
10522  411 8
10384  420 8
10000  409 8
9852  358 8
10880  487 8
10466  409 8
10352  428 8
10376  429 8
10074  394 8
10002  376 8
10756  450 8
10346  419 8
9542  335 8
10936  499 8
10904  499 8
10432  439 8
10568  460 8
9692  384 8
10544  448 8
10458  426 8
9430  325 8
10320  426 8
10082  396 8
10296  434 8
10560  453 8
10298  412 8
10856  494 8
10472  420 8
10236  395 8
9284  330 8
9904  347 8
10782  452 8
10060  400 8
10060  391 8
10160  392 8
10120  436 8
10504  431 8
10560  460 8
10852  485 8
10810  461 8
10492  421 8
9592  349 8
10366  419 8
9976  393 8
11080  473 8
9952  369 8
9816  406 8
6312  329 7
10010  411 8
10048  465 8
10888  472 8
9298  310 8
9848  370 8
9712  371 8
11006  488 8
10392  458 8
6312  324 7
11144  505 8
10104  388 8
10418  437 8
10532  405 8
10904  489 8
11736  574 8
9840  366 8
10786  459 8
10072  419 8
10088  397 8
11130  476 8
9874  350 8
10234  414 8
9768  361 8
10716  446 8
10088  378 8
10152  412 8
10014  397 8
10056  393 8
9794  348 8
10376  439 8
10136  423 8
9408  352 8
11106  466 8
10744  462 8
10384  444 8
10812  464 8
9376  317 8
10152  387 8
11244  493 8
10464  482 8
10760  502 8
10168  430 8
10340  434 8
9864  378 8
10424  437 8
10216  420 8
10766  457 8
10808  478 8
10560  490 8
10576  421 8
10312  425 8
10296  436 8
10568  425 8
10156  407 8
10242  422 8
10248  400 8
9808  368 8
9882  380 8
9772  387 8
10720  491 8
10594  447 8
10256  415 8
10816  488 8
10280  408 8
10360  447 8
10580  419 8
10000  415 8
9652  347 8
10936  496 8
11192  530 8
10392  435 8
10828  493 8
9880  371 8
10360  440 8
9144  338 8
10960  493 8
10764  453 8
10270  440 8
9880  386 8
9586  367 8
10648  454 8
10296  419 8
11576  559 8
10248  444 8
10536  459 8
9364  319 8
10896  486 8
10480  442 8
6500  337 7
10768  467 8
10368  431 8
10634  439 8
10504  437 8
9972  386 8
10280  417 8
10088  408 8
10536  437 8
10880  485 8
10016  441 8
10444  403 8
10712  450 8
10608  463 8
10520  433 8
11052  479 8
10552  455 8
10588  456 8
10322  427 8
10828  461 8
10424  479 8
10362  418 8
10536  436 8
9992  390 8
10936  481 8
9662  347 8
10472  421 8
10722  448 8
10560  457 8
10472  459 8
10088  396 8
10024  395 8
9918  371 8
9544  384 8
10552  449 8
9690  358 8
10552  448 8
10224  403 8
10344  458 8
10200  392 8
9852  394 8
9844  414 8
9314  354 8
10192  371 8
10592  428 8
10626  434 8
10568  418 8
10552  421 8
10552  475 8
9744  372 8
11664  568 8
9640  367 8
10520  448 8
10288  417 8
10384  437 8
10400  440 8
11080  513 8
9442  327 8
9256  334 8
11344  514 8
11056  487 8
18288  582 9
10136  431 8
10848  493 8
9576  372 8
10640  469 8
10728  461 8
11120  521 8
10362  412 8
10800  449 8
9818  359 8
10856  457 8
10808  495 8
10576  426 8
9720  375 8
10338  419 8
10314  401 8
10408  439 8
10072  395 8
11000  483 8
10560  451 8
10088  397 8
10312  393 8
10328  428 8
10856  469 8
10616  441 8
10888  460 8
9996  373 8
10880  520 8
10758  451 8
10296  423 8
11552  560 8
9400  354 8
10344  415 8
10328  421 8
10640  432 8
10376  418 8
10056  402 8
10748  466 8
9704  367 8
10388  428 8
10996  458 8
10128  413 8
10370  429 8
10312  420 8
9100  322 8
9920  388 8
10344  407 8
10096  392 8
11656  521 8
10564  428 8
18324  675 9
10800  487 8
10368  430 8
11080  494 8
10616  458 8
10304  467 8
10000  400 8
9896  378 8
10816  477 8
10600  463 8
10408  421 8
11064  504 8
11026  494 8
9928  391 8
10744  443 8
10660  503 8
10018  376 8
10400  435 8
9496  366 8
10538  474 8
10000  380 8
10530  426 8
10076  375 8
10256  431 8
9400  348 8
8968  362 8
9552  362 8
10616  498 8
9916  368 8
9994  374 8
10022  383 8
10084  372 8
10136  397 8
11112  486 8
10648  459 8
9832  382 8
10824  453 8
10056  457 8
9420  316 8
9912  360 8
11112  485 8
9592  342 8
10204  403 8
9944  389 8
10656  483 8
9802  348 8
10064  405 8
10304  434 8
9668  346 8
10344  463 8
9722  376 8
9704  364 8
10424  433 8
10538  430 8
10092  364 8
10344  410 8
10656  473 8
10568  459 8
9572  345 8
10280  407 8
11032  442 8
11000  515 8
10408  428 8
9944  396 8
10852  479 8
10560  448 8
11048  493 8
9668  365 8
10312  385 8
10868  480 8
11164  536 8
10552  449 8
10058  394 8
10088  411 8
10344  429 8
11040  505 8
10168  427 8
10434  397 8
10040  402 8
10312  382 8
10964  454 8
11192  525 8
10074  401 8
10904  493 8
10332  392 8
9310  321 8
9328  329 8
10136  396 8
9448  339 8
10250  403 8
10608  448 8
9736  350 8
10296  434 8
10504  449 8
11064  511 8
6240  330 7
10444  432 8
10780  458 8
9992  393 8
10496  449 8
10480  439 8
10584  475 8
10088  416 8
10100  386 8
10612  434 8
10344  404 8
10392  436 8
10296  445 8
10280  426 8
9964  369 8
10120  410 8
10456  457 8
9912  385 8
9400  329 8
10376  439 8
10442  415 8
10264  473 8
9632  329 8
10312  436 8
10960  539 8
10192  442 8
10214  381 8
11136  490 8
9516  341 8
10584  489 8
10398  428 8
9896  424 8
9744  374 8
11062  496 8
9768  355 8
10754  459 8
10248  411 8
10632  449 8
10536  435 8
10064  407 8
9520  357 8
10504  432 8
10050  372 8
10538  414 8
9956  364 8
10440  491 8
10168  370 8
9896  372 8
10488  430 8
10240  430 8
10524  447 8
10690  471 8
11064  493 8
9256  359 8
9990  360 8
10376  449 8
11044  526 8
11344  501 8
9640  365 8
10266  404 8
10440  468 8
10344  419 8
11088  503 8
9704  387 8
10064  389 8
10462  412 8
9714  356 8
10520  435 8
10600  443 8
10968  486 8
10376  426 8
10424  436 8
10290  410 8
9888  380 8
10544  446 8
10420  409 8
10064  401 8
10936  489 8
10040  385 8
9880  400 8
10304  425 8
10280  420 8
10960  527 8
10384  429 8
10264  444 8
9834  338 8
10372  420 8
10744  449 8
10776  454 8
10552  461 8
9604  364 8
10800  461 8
10032  391 8
10680  453 8
9652  350 8
9584  397 8
10152  376 8
10560  441 8
11026  508 8
10120  411 8
6682  350 7
10424  434 8
11020  488 8
9808  403 8
18172  628 9
10504  486 8
9248  323 8
10120  423 8
11056  506 8
10184  404 8
10592  447 8
10560  448 8
10496  435 8
10592  443 8
10516  429 8
10036  402 8
10032  392 8
10960  458 8
10384  438 8
10424  436 8
10296  421 8
10248  394 8
10340  428 8
11560  506 8
10032  387 8
11304  533 8
10592  460 8
10376  415 8
9888  378 8
10960  425 8
9936  398 8
9992  417 8
10324  438 8
11136  525 8
10392  425 8
9608  380 8
11592  569 8
10904  495 8
10416  453 8
10000  408 8
6642  339 7
10132  407 8
11032  482 8
10752  470 8
10394  436 8
10408  436 8
10514  441 8
8882  335 8
10888  463 8
10586  408 8
10552  463 8
9880  376 8
10664  452 8
10016  407 8
10184  417 8
10568  464 8
9864  385 8
11076  467 8
10352  430 8
10074  410 8
10616  461 8
10488  482 8
10644  446 8
11036  480 8
10298  420 8
9704  363 8
10760  456 8
10272  406 8
10456  459 8
10376  411 8
9856  371 8
9832  375 8
17038  489 9
10376  420 8
10410  443 8
10360  400 8
9860  354 8
10004  403 8
10574  435 8
10376  431 8
10600  456 8
10626  467 8
10784  489 8
10578  403 8
10936  514 8
10862  465 8
10732  444 8
10800  461 8
9748  369 8
10310  396 8
10120  372 8
10120  452 8
10344  407 8
10066  399 8
10292  426 8
10930  424 8
9754  370 8
11008  492 8
9904  388 8
10948  473 8
10344  431 8
10280  452 8
9536  336 8
11242  481 8
10424  443 8
10016  384 8
10864  493 8
10152  420 8
10648  460 8
10376  429 8
10484  441 8
10520  455 8
9416  447 8
10124  443 8
10440  448 8
10852  468 8
10296  432 8
10260  404 8
10576  458 8
10544  453 8
9740  370 8
10370  426 8
10122  410 8
10704  450 8
9736  361 8
10102  360 8
9508  317 8
10360  418 8
10064  398 8
9992  436 8
10250  401 8
9656  365 8
9872  393 8
10036  412 8
10386  411 8
11076  510 8
10408  434 8
9920  389 8
10120  413 8
10896  476 8
10826  486 8
10616  445 8
10584  465 8
10584  466 8
10856  474 8
10736  466 8
10120  421 8
10592  452 8
9632  399 8
10560  443 8
10936  483 8
9896  353 8
10640  471 8
10608  467 8
9800  384 8
10072  413 8
9880  374 8
11368  512 8
10460  413 8
10002  359 8
10312  435 8
9848  404 8
9344  337 8
10160  383 8
10402  461 8
10316  415 8
10188  387 8
9972  382 8
10904  479 8
9690  367 8
9920  385 8
9960  412 8
10906  434 8
10192  411 8
10344  406 8
10048  482 8
10384  447 8
10128  413 8
10320  432 8
10000  406 8
9666  382 8
9840  369 8
10776  447 8
9848  388 8
18256  596 9
10514  428 8
10816  470 8
10842  456 8
10048  395 8
9776  366 8
19252  682 9
10876  486 8
10284  409 8
10338  401 8
10656  460 8
10400  442 8
10510  452 8
10938  482 8
10226  395 8
10588  424 8
9432  407 8
10744  473 8
10256  415 8
9768  368 8
10544  441 8
10064  364 8
10536  451 8
10384  439 8
10392  417 8
10552  449 8
9376  326 8
9716  372 8
10648  453 8
9846  402 8
10816  461 8
10520  442 8
10490  452 8
10544  448 8
10568  449 8
10364  415 8
10040  408 8
9580  353 8
9542  349 8
10600  462 8
10010  397 8
9984  423 8
9304  370 8
10800  469 8
10160  414 8
10064  406 8
10920  504 8
10392  430 8
10544  447 8
10674  422 8
10596  446 8
9586  342 8
10488  468 8
10272  420 8
10570  454 8
10324  427 8
10056  402 8
10584  438 8
10824  464 8
10558  420 8
10202  408 8
10498  421 8
10376  429 8
11112  504 8
10856  500 8
11560  554 8
10574  429 8
11120  489 8
9624  334 8
10356  421 8
9468  346 8
11064  465 8
9784  357 8
10408  432 8
10896  504 8
9392  334 8
10912  535 8
10520  452 8
10544  451 8
10352  396 8
9960  390 8
9944  401 8
10464  412 8
10306  404 8
11152  526 8
10104  424 8
10624  471 8
10288  426 8
10216  416 8
10552  440 8
9896  395 8
10296  430 8
9668  378 8
11048  455 8
10832  473 8
11104  510 8
11052  452 8
10490  437 8
10960  481 8
9880  432 8
9988  406 8
9586  332 8
11800  560 8
10616  465 8
10154  405 8
10344  420 8
10800  453 8
10328  422 8
10904  500 8
10152  419 8
10240  402 8
11628  560 8
10012  400 8
10664  452 8
10568  463 8
9936  376 8
10294  391 8
10760  469 8
10392  442 8
10004  390 8
9600  356 8
10040  378 8
10832  463 8
10384  448 8
10588  428 8
10528  469 8
10000  376 8
9848  374 8
10064  403 8
9848  370 8
10576  455 8
10608  402 8
10570  434 8
10564  444 8
9624  337 8
10408  438 8
10344  415 8
10080  400 8
10344  413 8
10512  455 8
10344  413 8
11912  609 8
10816  469 8
10648  450 8
11088  502 8
10490  433 8
10258  417 8
10132  422 8
11030  481 8
11692  564 8
9828  363 8
10048  392 8
10496  426 8
10496  455 8
9960  364 8
9836  371 8
10144  417 8
10792  472 8
10416  451 8
8922  290 8
10948  490 8
9028  293 8
10544  456 8
9808  381 8
10360  432 8
9554  384 8
9818  368 8
11504  527 8
10322  402 8
10420  453 8
10872  489 8
10392  452 8
10896  486 8
10632  464 8
10164  389 8
10528  436 8
10492  431 8
9810  360 8
10600  446 8
9888  379 8
9978  383 8
10560  438 8
10762  464 8
10816  461 8
9858  355 8
10104  418 8
11032  514 8
10536  465 8
10756  455 8
10272  400 8
10730  442 8
10320  425 8
9966  401 8
9578  328 8
10132  422 8
10610  447 8
10776  463 8
10954  468 8
10210  396 8
11104  525 8
10272  426 8
10624  435 8
11088  488 8
10888  488 8
10112  386 8
10594  434 8
10520  445 8
10600  447 8
10856  474 8
10296  419 8
10440  478 8
10368  417 8
10088  415 8
9592  344 8
10388  436 8
10248  430 8
10898  461 8
10364  427 8
10168  439 8
10592  424 8
9936  390 8
10352  428 8
10096  405 8
10600  454 8
10896  491 8
10576  454 8
10312  408 8
11016  475 8
10274  408 8
10232  391 8
10274  420 8
10856  492 8
10408  437 8
10544  420 8
9824  354 8
11242  494 8
9964  392 8
9832  383 8
10344  423 8
11600  564 8
10032  400 8
10392  435 8
10116  382 8
10840  463 8
10296  411 8
11160  500 8
10888  468 8
10376  406 8
10058  395 8
9830  344 8
10800  461 8
10604  454 8
10644  461 8
9872  385 8
10232  462 8
10344  424 8
10520  453 8
10604  454 8
9768  400 8
9090  298 8
11104  505 8
10536  455 8
9770  339 8
10136  432 8
10888  476 8
9600  366 8
10424  446 8
10344  435 8
10464  451 8
10316  401 8
10314  427 8
10704  479 8
10892  472 8
10552  446 8
9624  354 8
10312  422 8
9704  363 8
10864  460 8
11312  507 8
10268  409 8
10896  498 8
10602  432 8
10424  430 8
10392  439 8
10584  462 8
9560  341 8
10572  430 8
11112  497 8
10808  482 8
11166  511 8
10520  440 8
11328  510 8
10384  445 8
10288  422 8
10844  455 8
10936  498 8
10808  499 8
9594  348 8
10552  437 8
10068  409 8
11192  511 8
9892  367 8
10118  414 8
10928  503 8
10688  479 8
10264  414 8
10600  452 8
10360  402 8
10904  489 8
10320  430 8
10458  417 8
9816  365 8
10240  457 8
6304  315 7
9880  401 8
10298  411 8
10424  427 8
10040  403 8
10424  437 8
9616  356 8
10742  456 8
10224  443 8
10312  422 8
10434  438 8
10024  411 8
10384  427 8
10648  435 8
10592  452 8
10856  465 8
9808  367 8
10032  371 8
10424  438 8
10696  476 8
10006  377 8
9616  381 8
10344  437 8
10520  448 8
10050  421 8
10344  442 8
9938  385 8
11076  472 8
9992  440 8
10344  429 8
11546  499 8
10552  441 8
10586  472 8
9158  337 8
10616  442 8
10496  448 8
11098  504 8
11058  496 8
11076  504 8
10184  385 8
10114  383 8
10768  462 8
10592  456 8
10208  407 8
10552  431 8
10576  474 8
9944  391 8
10326  438 8
10108  375 8
10526  397 8
10328  392 8
10600  457 8
10440  445 8
9720  367 8
10264  440 8
9916  376 8
10970  477 8
10376  432 8
10264  423 8
11080  498 8
10874  460 8
10300  396 8
10800  468 8
10144  381 8
10824  476 8
11450  535 8
10048  462 8
10094  393 8
9704  367 8
11578  544 8
9720  419 8
10826  479 8
10288  422 8
10340  415 8
9920  386 8
10576  466 8
10088  413 8
10624  444 8
10536  445 8
10760  443 8
18514  618 9
9672  364 8
10344  440 8
10040  393 8
10344  415 8
10408  458 8
10448  421 8
10096  420 8
9960  399 8
10100  428 8
10136  438 8
11076  512 8
11768  552 8
9808  394 8
10274  415 8
10220  430 8
10032  398 8
11148  498 8
10552  455 8
10064  390 8
10044  395 8
10062  407 8
6472  350 7
9896  383 8
10112  435 8
9704  369 8
11552  545 8
10458  435 8
10136  378 8
10010  388 8
10436  407 8
9560  359 8
10104  429 8
10312  430 8
10524  429 8
10376  434 8
10056  389 8
10552  452 8
10536  447 8
10968  524 8
10738  454 8
10056  411 8
11768  586 8
8814  267 8
10432  439 8
10408  425 8
10496  449 8
10368  436 8
10552  433 8
10232  395 8
10856  488 8
10552  448 8
10568  453 8
10856  473 8
10104  406 8
10360  419 8
10888  486 8
10962  470 8
10328  424 8
9770  370 8
10434  439 8
10784  501 8
10288  410 8
10848  492 8
10208  410 8
9352  321 8
10602  433 8
10354  423 8
9880  379 8
10536  442 8
10912  498 8
10220  400 8
9440  358 8
10808  469 8
10064  371 8
10312  419 8
9592  380 8
10434  419 8
10978  460 8
10178  390 8
10544  461 8
10744  450 8
9508  328 8
9916  366 8
10616  464 8
10600  444 8
9592  360 8
10000  415 8
10498  435 8
11600  503 8
10468  469 8
10488  442 8
10690  437 8
10348  419 8
10520  447 8
10376  441 8
10368  444 8
10312  430 8
9944  358 8
10536  443 8
11160  522 8
6544  352 7
10210  406 8
10392  435 8
10536  443 8
9820  370 8
10320  435 8
9898  381 8
10282  410 8
10120  376 8
10520  457 8
9802  381 8
9868  362 8
10008  396 8
10768  441 8
10136  410 8
10362  420 8
9672  385 8
10176  408 8
10568  459 8
10230  389 8
10532  411 8
10560  450 8
10008  429 8
6424  332 7
10476  434 8
10376  427 8
10504  433 8
10288  447 8
10368  450 8
10392  430 8
10364  405 8
10120  401 8
10024  408 8
10896  490 8
10780  444 8
10960  521 8
10888  485 8
11330  515 8
10988  480 8
10058  379 8
10392  437 8
9992  391 8
9832  374 8
10436  414 8
10592  443 8
10320  439 8
10792  459 8
10696  439 8
11124  504 8
10520  440 8
10424  437 8
11032  471 8
10570  450 8
10368  436 8
10088  399 8
10534  407 8
9832  378 8
10048  409 8
10448  405 8
6898  237 7
10928  507 8
6280  322 7
9432  330 8
10056  394 8
10432  426 8
10228  406 8
10804  481 8
10362  418 8
10936  490 8
10536  462 8
9628  322 8
10888  466 8
10792  467 8
10306  425 8
11800  574 8
6288  337 7
10618  425 8
10412  397 8
10136  411 8
10476  442 8
10224  424 8
11044  487 8
10228  456 8
10600  481 8
10600  467 8
10296  429 8
10136  420 8
10042  389 8
10296  416 8
9956  404 8
10790  468 8
10920  477 8
10648  466 8
10448  443 8
10096  416 8
9872  381 8
10964  480 8
10026  397 8
10120  427 8
9968  386 8
9960  388 8
9544  326 8
10376  428 8
10320  426 8
10488  436 8
10552  445 8
11498  498 8
10058  381 8
11368  518 8
17882  583 9
10520  460 8
9920  392 8
9812  369 8
9904  376 8
10672  480 8
9488  321 8
10812  488 8
10410  432 8
10768  470 8
17196  547 9
10972  468 8
18632  663 9
10404  415 8
10824  456 8
10878  454 8
9568  377 8
9486  354 8
10512  441 8
10136  433 8
10532  444 8
10548  386 8
10324  418 8
10840  459 8
11160  491 8
10056  387 8
11064  501 8
9344  336 8
10524  411 8
10844  467 8
9832  359 8
9968  408 8
11536  482 8
10528  422 8
10232  410 8
10496  463 8
9834  379 8
9788  353 8
10258  396 8
10480  450 8
9896  383 8
9536  339 8
10424  449 8
9594  347 8
11146  492 8
10568  429 8
9888  382 8
