3894  0.33877552 245 7
3862  0.3577586 232 7
3848  0.29460582 241 7
3856  0.30991736 242 7
3782  0.32635984 239 7
3878  0.25416666 240 7
4328  0.37547892 261 7
4102  0.26254827 259 7
3856  0.29218107 243 7
4216  0.30555555 252 7
3872  0.28395063 243 7
4598  0.30627307 271 7
3688  0.27586207 232 7
3738  0.29777777 225 7
5272  0.29681978 283 8
3826  0.32365146 241 7
5186  0.29213482 267 8
4080  0.31439394 264 7
3800  0.33050847 236 7
3816  0.3073593 231 7
4890  0.307971 276 7
3992  0.29069766 258 7
4390  0.31939164 263 7
4158  0.30859375 256 7
5168  0.3231939 263 8
3766  0.2857143 231 7
3902  0.3805668 247 7
3936  0.33050847 236 7
4068  0.27868852 244 7
3838  0.30416667 240 7
5776  0.33333334 303 8
3896  0.35833332 240 7
3904  0.29237288 236 7
3782  0.30379745 237 7
3878  0.275 240 7
3776  0.3004292 233 7
4358  0.3483146 267 7
4064  0.27626458 257 7
4014  0.2806324 253 7
3840  0.23868313 243 7
3990  0.3127572 243 7
5590  0.30100334 299 8
4136  0.28861788 246 7
4608  0.29007635 262 7
3952  0.26422763 246 7
5306  0.28413284 271 8
3806  0.3181818 242 7
3888  0.2278481 237 7
5550  0.2739726 292 8
3822  0.268 250 7
3856  0.34439835 241 7
4468  0.30855018 269 7
3782  0.28451884 239 7
3790  0.28861788 246 7
4054  0.2992126 254 7
3844  0.29249012 253 7
4170  0.26568267 271 7
3856  0.3264463 242 7
4008  0.3241107 253 7
3840  0.24369748 238 7
4116  0.27413127 259 7
3886  0.30212766 235 7
4170  0.2883895 267 7
3832  0.32083333 240 7
4052  0.31451613 248 7
3840  0.26639345 244 7
3760  0.28820962 229 7
3902  0.27385893 241 7
3800  0.28270042 237 7
3952  0.28512397 242 7
3744  0.32034633 231 7
3632  0.29257643 229 7
3738  0.3318584 226 7
5492  0.28762543 299 8
4030  0.2988048 251 7
3630  0.29411766 238 7
4080  0.35714287 252 7
3950  0.27755103 245 7
4142  0.2923077 260 7
4368  0.31365314 271 7
4238  0.29389313 262 7
4440  0.28519857 277 7
3894  0.30120483 249 7
3760  0.28151262 238 7
3984  0.3464567 254 7
5504  0.27739727 292 8
3884  0.31428573 245 7
5184  0.32155478 283 8
3838  0.2962963 243 7
3896  0.276 250 7
4112  0.27985075 268 7
4040  0.31889763 254 7
4238  0.31178707 263 7
5336  0.31111112 270 8
3798  0.33061224 245 7
4688  0.33333334 291 7
4176  0.3464567 254 7
3822  0.31223628 237 7
5214  0.29520294 271 8
5224  0.29562044 274 8
3896  0.28455284 246 7
5342  0.29537368 281 8
3962  0.328 250 7
5904  0.30097088 309 8
3862  0.3102041 245 7
5392  0.26804122 291 8
3934  0.32388663 247 7
4182  0.28148147 270 7
5656  0.33663365 303 8
3496  0.2744186 215 7
5242  0.33454546 275 8
4096  0.3576923 260 7
3784  0.3448276 232 7
3990  0.3203125 256 7
4024  0.30980393 255 7
3950  0.31707317 246 7
3840  0.26495728 234 7
3984  0.31496063 254 7
3626  0.3080357 224 7
5438  0.2877193 285 8
5156  0.3210332 271 8
4710  0.29431438 299 7
4204  0.27272728 264 7
3980  0.28806585 243 7
4176  0.33590734 259 7
3810  0.32911393 237 7
3918  0.30923694 249 7
3710  0.2888889 225 7
5566  0.31756756 296 8
3742  0.23504274 234 7
3986  0.29007635 262 7
3966  0.29149798 247 7
4210  0.32156864 255 7
4000  0.30278885 251 7
3952  0.27272728 253 7
5272  0.33333334 279 8
4334  0.27985075 268 7
4096  0.28235295 255 7
3938  0.31300813 246 7
5152  0.30147058 272 8
4048  0.3083004 253 7
3934  0.324 250 7
4198  0.35135135 259 7
3676  0.27510917 229 7
4150  0.31954888 266 7
5522  0.27213115 305 8
3888  0.2832618 233 7
3982  0.32128513 249 7
3628  0.32751092 229 7
4080  0.32128513 249 7
4816  0.36231884 276 7
4232  0.26615968 263 7
4142  0.3740458 262 7
5276  0.30322582 310 7
6128  0.25308642 324 8
5618  0.3030303 297 8
4254  0.27509293 269 7
3840  0.30416667 240 7
4198  0.3598485 264 7
3750  0.27659574 235 7
4056  0.27734375 256 7
5288  0.33224756 307 7
4036  0.33333334 255 7
4390  0.3263158 285 7
4204  0.2792453 265 7
3704  0.32900432 231 7
3974  0.27731094 238 7
3862  0.32051283 234 7
4232  0.25287357 261 7
4272  0.33584905 265 7
3720  0.29680365 219 7
5516  0.30449826 289 8
4102  0.27710843 249 7
5324  0.2947761 268 8
5346  0.36298934 281 8
3838  0.31896552 232 7
4048  0.29411766 238 7
4232  0.2751938 258 7
5062  0.30337077 267 8
4390  0.33333334 270 7
4000  0.3187251 251 7
4558  0.29181495 281 7
3878  0.3114754 244 7
4720  0.3057554 278 7
3956  0.26666668 255 7
3862  0.29045644 241 7
3878  0.30204082 245 7
3840  0.27196652 239 7
6102  0.30952382 336 8
5392  0.2846975 281 8
3776  0.32900432 231 7
3990  0.29707113 239 7
3862  0.32244897 245 7
4416  0.26449275 276 7
5582  0.32542372 295 8
3720  0.34934497 229 7
3862  0.325 240 7
3856  0.26778242 239 7
3934  0.31707317 246 7
5026  0.2744361 266 8
3770  0.29661018 236 7
3720  0.27753305 227 7
3680  0.2680851 235 7
3894  0.25099602 251 7
5312  0.28222996 287 8
4120  0.1891892 259 7
4658  0.27037036 270 7
3952  0.27916667 240 7
3742  0.29090908 220 7
3812  0.25833333 240 7
3782  0.21794872 234 7
4072  0.23790322 248 7
3304  0.22613065 199 7
4496  0.25968993 258 7
3760  0.25777778 225 7
3942  0.24380165 242 7
4546  0.26190478 252 7
5184  0.307971 276 8
3760  0.28820962 229 7
3728  0.30869564 230 7
3778  0.279476 229 7
3608  0.29223743 219 7
4988  0.2934363 259 8
3654  0.2711111 225 7
4226  0.25283018 265 7
4064  0.24806201 258 7
4424  0.2825279 269 7
3912  0.26848248 257 7
3716  0.26431718 227 7
3804  0.29661018 236 7
4060  0.32258064 248 7
3776  0.2647059 238 7
3754  0.31441048 229 7
4086  0.24418604 258 7
3888  0.25416666 240 7
3920  0.2580645 248 7
4024  0.25506073 247 7
3648  0.2413793 232 7
3816  0.31914893 235 7
4182  0.31007752 258 7
3748  0.26406926 231 7
4040  0.32945737 258 7
3782  0.35564855 239 7
3930  0.3140496 242 7
3832  0.2672414 232 7
3856  0.26609442 233 7
3672  0.29310346 232 7
3856  0.26050422 238 7
3574  0.28 225 7
3758  0.29310346 232 7
3776  0.25106382 235 7
3944  0.24193548 248 7
3776  0.27385893 241 7
3736  0.3073593 231 7
5168  0.2919708 274 8
4176  0.21370968 248 7
3850  0.2780083 241 7
4820  0.30927834 291 7
5494  0.25524476 286 8
4518  0.3057554 278 7
7152  0.29923275 391 8
3840  0.28085107 235 7
4486  0.35144928 276 7
4470  0.3345588 272 7
4262  0.3015873 252 7
3968  0.2520661 242 7
6040  0.31464174 321 8
3924  0.2868526 251 7
4188  0.34362933 259 7
5510  0.2901024 293 8
3860  0.26530612 245 7
4050  0.34136546 249 7
3624  0.3108108 222 7
4220  0.3372093 258 7
3916  0.30364373 247 7
4362  0.2757353 272 7
3950  0.29387754 245 7
3902  0.2890625 256 7
3850  0.24686192 239 7
4058  0.3125 256 7
7072  0.3201133 353 8
4018  0.32421875 256 7
5136  0.31716418 268 8
5208  0.35632184 261 8
4756  0.2739726 292 7
4052  0.30708662 254 7
3872  0.28514057 249 7
3974  0.28514057 249 7
3694  0.32051283 234 7
3762  0.28151262 238 7
3782  0.3429752 242 7
5258  0.33453238 278 8
3694  0.33476394 233 7
4154  0.26666668 255 7
4182  0.3254902 255 7
4598  0.33916083 286 7
5488  0.2983051 295 8
3960  0.2631579 247 7
4000  0.3137255 255 7
3766  0.33333334 240 7
3986  0.32244897 245 7
4756  0.26551723 290 7
5370  0.3024911 281 8
3918  0.27058825 255 7
4750  0.31734318 271 7
3854  0.33476394 233 7
3968  0.31300813 246 7
5152  0.27862597 262 8
4018  0.325 240 7
3976  0.2857143 252 7
4422  0.34965035 286 7
3776  0.3030303 231 7
4126  0.31660232 259 7
3980  0.32911393 237 7
4086  0.30645162 248 7
3854  0.31967214 244 7
3872  0.23228346 254 7
3966  0.3089431 246 7
4076  0.30677292 251 7
3894  0.29237288 236 7
4182  0.29850745 268 7
4070  0.25609756 246 7
3856  0.29387754 245 7
4120  0.30241936 248 7
3946  0.348 250 7
5830  0.3121019 314 8
3878  0.30290458 241 7
6432  0.37921348 356 8
3990  0.3935743 249 7
4310  0.2857143 259 7
3928  0.29098362 244 7
5926  0.34824282 313 8
4090  0.33596838 253 7
3862  0.2863248 234 7
4726  0.28275862 290 7
3742  0.31330472 233 7
4182  0.32170543 258 7
3928  0.27272728 253 7
3894  0.2761506 239 7
3866  0.33333334 243 7
4024  0.29296875 256 7
4992  0.25925925 297 7
5510  0.2733564 289 8
3618  0.2690583 223 7
4052  0.27091634 251 7
3968  0.2874494 247 7
4040  0.32244897 245 7
3614  0.32126698 221 7
3890  0.26907632 249 7
4918  0.30496454 282 7
3944  0.2857143 238 7
4092  0.32170543 258 7
4620  0.29616725 287 7
3810  0.3114035 228 7
4124  0.35918367 245 7
4222  0.2846154 260 7
4064  0.30278885 251 7
3934  0.34220532 263 7
4030  0.3306773 251 7
4024  0.31666666 240 7
3782  0.2832618 233 7
3950  0.3153527 241 7
6140  0.3100304 329 8
5146  0.28731343 268 8
4008  0.2964427 253 7
3552  0.3 220 7
4024  0.38075313 239 7
4396  0.37407407 270 7
3776  0.29661018 236 7
3856  0.296 250 7
3784  0.2542373 236 7
3828  0.32365146 241 7
5650  0.3267974 306 8
4030  0.2874016 254 7
3840  0.27312776 227 7
3872  0.2768595 242 7
3936  0.30081302 246 7
4012  0.31983805 247 7
3742  0.31623933 234 7
4014  0.29032257 248 7
4250  0.28294572 258 7
4054  0.30566037 265 7
3816  0.34763947 233 7
4288  0.3065134 261 7
3890  0.27916667 240 7
4580  0.33216783 286 7
4046  0.2936508 252 7
4076  0.32307693 260 7
4622  0.34163702 281 7
5510  0.34931508 292 8
3998  0.352 250 7
4146  0.37349397 249 7
3570  0.25892857 224 7
4024  0.308 250 7
4040  0.2931727 249 7
4232  0.34362933 259 7
3974  0.33464566 254 7
3680  0.2907489 227 7
3902  0.28806585 243 7
3832  0.2680851 235 7
3860  0.2901961 255 7
5408  0.31164384 292 8
4040  0.22310758 251 7
3660  0.32173914 230 7
3966  0.31983805 247 7
3968  0.3127572 243 7
4328  0.27636364 275 7
6600  0.3417367 357 8
3912  0.28278688 244 7
3854  0.30769232 234 7
3862  0.338843 242 7
3850  0.28691983 237 7
3720  0.3617021 235 7
3974  0.2804878 246 7
3968  0.35887095 248 7
4058  0.27160493 243 7
4016  0.2874016 254 7
4188  0.30827066 266 7
4166  0.30038023 263 7
3660  0.30869564 230 7
4070  0.21402214 271 7
3840  0.2875 240 7
5262  0.33333334 279 8
5744  0.35474005 327 7
3716  0.2652174 230 7
4038  0.30620155 258 7
4074  0.2557252 262 7
3598  0.3127962 211 7
3872  0.2780083 241 7
3884  0.2838983 236 7
3974  0.2991453 234 7
4890  0.232 250 8
3760  0.34024897 241 7
5440  0.2993197 294 8
4272  0.36501902 263 7
3384  0.32579187 221 7
4008  0.33730158 252 7
3884  0.32034633 231 7
3958  0.36178863 246 7
3644  0.35833332 240 7
4092  0.2769231 260 7
5606  0.32 300 8
3862  0.2768595 242 7
4198  0.2981132 265 7
3794  0.32244897 245 7
3732  0.3125 240 7
3996  0.29803923 255 7
4096  0.28793773 257 7
3878  0.31120333 241 7
4626  0.25263157 285 7
3956  0.33596838 253 7
3996  0.33333334 255 7
5870  0.26058632 307 8
4124  0.3079848 263 7
3574  0.31555554 225 7
7246  0.28225806 372 8
5122  0.2962963 270 8
3642  0.26872247 227 7
5208  0.34671533 274 8
3940  0.26848248 257 7
3822  0.28806585 243 7
3934  0.30204082 245 7
6782  0.3137255 357 8
4014  0.27027026 259 7
3782  0.30638298 235 7
4056  0.34728032 239 7
3984  0.32677165 254 7
4216  0.308 250 7
5038  0.3159722 288 7
4512  0.33840305 263 7
4632  0.31851852 270 7
5106  0.2977099 262 8
3760  0.34309623 239 7
3806  0.22594142 239 7
3934  0.27542374 236 7
3934  0.24050634 237 7
5718  0.36700338 297 8
4560  0.33564013 289 7
3828  0.30578512 242 7
3946  0.34274194 248 7
3900  0.2742616 237 7
6360  0.3647059 340 8
3964  0.3187251 251 7
3816  0.29613733 233 7
3918  0.31380752 239 7
5488  0.33881578 304 8
3838  0.3632653 245 7
3528  0.2982456 228 7
4012  0.31325302 249 7
5936  0.32580644 310 8
4080  0.32283464 254 7
3878  0.2834008 247 7
5044  0.2689394 264 8
3800  0.3153527 241 7
5674  0.3858521 311 8
3942  0.33469388 245 7
4102  0.3359375 256 7
4260  0.36397058 272 7
3896  0.30645162 248 7
3878  0.2905983 234 7
3486  0.30733946 218 7
3974  0.27710843 249 7
5138  0.2904412 272 8
3742  0.2532189 233 7
3884  0.30864197 243 7
3908  0.31578946 247 7
4238  0.32669324 251 7
3912  0.29674795 246 7
3720  0.31304348 230 7
3944  0.28512397 242 7
5008  0.3180328 305 7
3502  0.26605505 218 7
3938  0.3211382 246 7
4192  0.30268198 261 7
3670  0.3640553 217 7
4964  0.2874016 254 8
4536  0.31225297 253 7
3766  0.30962342 239 7
3934  0.352 250 7
4216  0.34509805 255 7
3926  0.28076923 260 7
3418  0.33173078 208 7
5112  0.28735632 261 8
4040  0.27916667 240 7
3546  0.29680365 219 7
3862  0.29957807 237 7
4102  0.35968378 253 7
4614  0.35888502 287 7
3726  0.38362068 232 7
3902  0.32231405 242 7
3834  0.24680851 235 7
4040  0.32818532 259 7
3798  0.2892562 242 7
3328  0.24630542 203 7
3716  0.32142857 224 7
3794  0.25431034 232 7
5198  0.3144654 318 7
3846  0.35897437 234 7
5528  0.3322034 295 8
3840  0.34177214 237 7
3854  0.276 250 7
3542  0.342723 213 7
3974  0.33464566 254 7
3928  0.2846154 260 7
3980  0.32539684 252 7
4192  0.27667984 253 7
3664  0.34913793 232 7
3872  0.29460582 241 7
3894  0.30204082 245 7
3480  0.30733946 218 7
3822  0.3090129 233 7
5576  0.30564785 301 8
5634  0.32982457 285 8
3966  0.35573122 253 7
6636  0.30213904 374 8
5590  0.31456953 302 8
3700  0.30932203 236 7
5246  0.3309091 275 8
5134  0.29642856 280 8
3922  0.31896552 232 7
3750  0.2987552 241 7
4152  0.27969348 261 7
4126  0.328125 256 7
3806  0.31666666 240 7
3856  0.35510203 245 7
4064  0.28625953 262 7
4062  0.34749034 259 7
3608  0.27705628 231 7
4176  0.308 250 7
3934  0.3 250 7
3956  0.3117409 247 7
4948  0.3265306 245 8
4064  0.26771653 254 7
3878  0.3237705 244 7
4188  0.32818532 259 7
3704  0.2850679 221 7
4996  0.33333334 297 7
3900  0.31325302 249 7
5864  0.3081761 318 8
5022  0.27376425 263 8
5002  0.30769232 286 7
4552  0.2877698 278 7
3890  0.31451613 248 7
4810  0.29432625 282 7
4244  0.2857143 266 7
3862  0.34042552 235 7
4912  0.33450705 284 7
4328  0.29069766 258 7
3936  0.27888447 251 7
4006  0.26104417 249 7
5488  0.3118644 295 8
3710  0.30290458 241 7
3990  0.28512397 242 7
4672  0.35227272 264 7
4008  0.2811245 249 7
3698  0.31004366 229 7
3822  0.29045644 241 7
4552  0.27240142 279 7
3760  0.2875 240 7
3608  0.32608697 230 7
3760  0.30341882 234 7
3776  0.2918455 233 7
5140  0.29885057 261 8
4040  0.2784314 255 7
5354  0.3032491 277 8
4024  0.3181818 242 7
3862  0.28806585 243 7
3958  0.28629032 248 7
3816  0.31428573 245 7
3794  0.31092438 238 7
4456  0.310219 274 7
3918  0.33474576 236 7
3966  0.32911393 237 7
3884  0.3140496 242 7
4040  0.2952756 254 7
3990  0.29083666 251 7
3744  0.34763947 233 7
5544  0.3097643 297 8
4278  0.31501833 273 7
6040  0.32615384 325 8
4938  0.27309236 249 8
5550  0.3310811 296 8
3936  0.28806585 243 7
4176  0.32244897 245 7
4232  0.33840305 263 7
3772  0.29535866 237 7
4750  0.25448027 279 7
3888  0.34439835 241 7
3944  0.2811245 249 7
4502  0.25296444 253 7
4750  0.3322034 295 7
4064  0.3678161 261 7
4136  0.29069766 258 7
5442  0.2662116 293 8
3878  0.29554656 247 7
3894  0.33766234 231 7
3896  0.31223628 237 7
3710  0.27192983 228 7
3536  0.3181818 220 7
4384  0.29496402 278 7
3914  0.30932203 236 7
4260  0.29411766 272 7
4856  0.27112675 284 7
5032  0.265625 256 8
4216  0.29545453 264 7
3960  0.27710843 249 7
3828  0.26694915 236 7
3992  0.36290324 248 7
3816  0.2905983 234 7
3726  0.30833334 240 7
4204  0.3229572 257 7
4124  0.36466166 266 7
4014  0.33466136 251 7
4030  0.27058825 255 7
4290  0.34108528 258 7
3868  0.28395063 243 7
4198  0.32046333 259 7
3996  0.33333334 234 7
4148  0.31954888 266 7
3756  0.27542374 236 7
4736  0.34082398 267 7
4126  0.32421875 256 7
3720  0.28879312 232 7
3708  0.26180258 233 7
3984  0.32520324 246 7
3798  0.33193278 238 7
3884  0.30991736 242 7
3936  0.3548387 248 7
4228  0.34200743 269 7
3598  0.2780269 223 7
3738  0.25108224 231 7
3772  0.3531915 235 7
3764  0.31465518 232 7
3670  0.32327586 232 7
4046  0.2570281 249 7
4390  0.3432836 268 7
4068  0.34274194 248 7
3822  0.36554623 238 7
5908  0.29022083 317 8
3980  0.31102362 254 7
3822  0.31512606 238 7
3900  0.32340425 235 7
3760  0.30212766 235 7
4002  0.2892562 242 7
3838  0.3265306 245 7
3806  0.28451884 239 7
3686  0.27004218 237 7
3992  0.30350193 257 7
4474  0.33596838 253 7
3782  0.33760685 234 7
3934  0.29957807 237 7
3862  0.30543932 239 7
3806  0.30416667 240 7
4390  0.35714287 252 7
4734  0.30035335 283 7
3844  0.275 240 7
4068  0.2835249 261 7
3952  0.31983805 247 7
3884  0.32793522 247 7
4056  0.37551022 245 7
3884  0.29149798 247 7
4294  0.26277372 274 7
4182  0.33464566 254 7
3728  0.275 240 7
5122  0.30882353 272 8
4036  0.34901962 255 7
5128  0.29454544 275 8
4598  0.2857143 287 7
3938  0.29761904 252 7
3878  0.27196652 239 7
3772  0.28151262 238 7
3878  0.28629032 248 7
4872  0.29347825 276 7
3676  0.32300884 226 7
3918  0.28099173 242 7
3856  0.34285715 245 7
3872  0.28870293 239 7
3832  0.37068966 232 7
3872  0.2987552 241 7
4182  0.30980393 255 7
4040  0.29435483 248 7
3840  0.24152543 236 7
3812  0.30555555 252 7
3984  0.29083666 251 7
3760  0.3524229 227 7
3564  0.32444444 225 7
4076  0.33204633 259 7
4024  0.332 250 7
3554  0.2907489 227 7
3878  0.30041152 243 7
4694  0.2857143 273 7
4238  0.34920636 252 7
4272  0.29615384 260 7
3114  0.3115578 199 7
3822  0.24686192 239 7
3726  0.28936172 235 7
5612  0.26984128 315 8
3782  0.30737704 244 7
3862  0.29268292 246 7
4080  0.28793773 257 7
4192  0.3207547 265 7
3692  0.35555556 225 7
3956  0.35433072 254 7
3958  0.19685039 254 7
3816  0.31223628 237 7
3686  0.26068377 234 7
3986  0.2777778 252 7
3682  0.34375 224 7
3484  0.26696834 221 7
4896  0.29657796 263 8
3856  0.2777778 234 7
4024  0.3089431 246 7
3850  0.28395063 243 7
3806  0.37815127 238 7
4334  0.31751823 274 7
4070  0.27888447 251 7
4826  0.3041958 286 7
3966  0.3529412 238 7
3888  0.22088353 249 7
3784  0.32478634 234 7
3890  0.24369748 238 7
3846  0.29959515 247 7
6152  0.31914893 329 8
3958  0.27125505 247 7
3304  0.2974359 195 7
5432  0.24567474 289 8
3782  0.28691983 237 7
3878  0.28225806 248 7
4176  0.29296875 256 7
4880  0.28346458 254 8
3816  0.30864197 243 7
3474  0.3116279 215 7
3568  0.26760563 213 7
4064  0.352 250 7
3512  0.32735425 223 7
4198  0.25468165 267 7
3760  0.2599119 227 7
3964  0.29718876 249 7
3872  0.32793522 247 7
3720  0.38626608 233 7
5204  0.22260274 292 7
4288  0.30291972 274 7
5056  0.1923077 260 8
3952  0.30252102 238 7
4194  0.38339922 253 7
3894  0.30290458 241 7
3896  0.268 250 7
3462  0.29864255 221 7
3958  0.29918033 244 7
3944  0.27160493 243 7
3562  0.2907489 227 7
4548  0.30943397 265 7
4816  0.31118882 286 7
3822  0.34177214 237 7
3868  0.32231405 242 7
3910  0.35950413 242 7
3962  0.30962342 239 7
3912  0.28448275 232 7
4244  0.32222223 270 7
3742  0.25225225 222 7
3974  0.26612905 248 7
3968  0.276 250 7
4076  0.26640928 259 7
3800  0.30327868 244 7
3730  0.33789954 219 7
4060  0.26693228 251 7
3834  0.30252102 238 7
5362  0.33214286 280 8
5486  0.32885906 298 8
3918  0.2780083 241 7
4290  0.28458497 253 7
3744  0.27118644 236 7
3980  0.2672065 247 7
4574  0.29501915 261 7
4338  0.31640625 256 7
3846  0.32217574 239 7
5746  0.3576159 302 8
5402  0.30847457 295 8
3736  0.28947368 228 7
3878  0.34042552 235 7
3574  0.2982456 228 7
5626  0.34448162 299 8
4584  0.33214286 280 7
3704  0.28761062 226 7
4036  0.2751938 258 7
4136  0.26984128 252 7
3980  0.3137255 255 7
3838  0.3173913 230 7
3978  0.27196652 239 7
3934  0.30864197 243 7
4676  0.29616725 287 7
3996  0.35019454 257 7
3624  0.36206895 232 7
5008  0.2875817 306 7
4040  0.2857143 245 7
3984  0.32270917 251 7
5374  0.31141868 289 8
3822  0.32765958 235 7
4822  0.28014183 282 7
3890  0.31512606 238 7
6000  0.33641976 324 8
4332  0.33333334 264 7
3822  0.24561404 228 7
4216  0.30039525 253 7
5606  0.2993421 304 8
3878  0.34817815 247 7
4108  0.23552124 259 7
3934  0.29288703 239 7
3726  0.3090129 233 7
3862  0.33613446 238 7
3726  0.31914893 235 7
3816  0.29787233 235 7
5820  0.31907895 304 8
4204  0.35361215 263 7
3856  0.29583332 240 7
3736  0.29694322 229 7
3878  0.30204082 245 7
3862  0.27530363 247 7
3762  0.25957447 235 7
5876  0.32492113 317 8
3984  0.28286853 251 7
5534  0.28178695 291 8
3742  0.27004218 237 7
5308  0.32851985 277 8
4378  0.3773585 265 7
4024  0.30384615 260 7
4110  0.28735632 261 7
3822  0.24 225 7
3782  0.3875 240 7
3794  0.30638298 235 7
5488  0.24315068 292 8
4056  0.31007752 258 7
4070  0.27651516 264 7
4030  0.28174603 252 7
4054  0.36153847 260 7
4176  0.27413127 259 7
4262  0.30268198 261 7
5590  0.32550335 298 8
4018  0.28 250 7
3766  0.30379745 237 7
4120  0.26506025 249 7
7478  0.37721518 395 8
4006  0.31451613 248 7
5882  0.28164557 316 8
5506  0.3469388 294 8
5860  0.34603176 315 8
6248  0.31914893 329 8
3856  0.30472103 233 7
3938  0.29288703 239 7
4098  0.27952754 254 7
3674  0.33617023 235 7
5678  0.36601308 306 8
5718  0.32492113 317 8
6250  0.26686218 341 8
5284  0.32692307 260 8
4118  0.29761904 252 7
5472  0.28956228 297 8
5144  0.35793358 271 8
4014  0.34099618 261 7
5306  0.31578946 285 8
4006  0.31225297 253 7
3766  0.31111112 225 7
4384  0.34210527 266 7
4062  0.29249012 253 7
4254  0.3448276 261 7
3806  0.32173914 230 7
4018  0.2430279 251 7
3754  0.24568966 232 7
4598  0.3297491 279 7
3942  0.272 250 7
3804  0.32051283 234 7
3952  0.28514057 249 7
4192  0.36293435 259 7
4956  0.31666666 300 7
3900  0.312 250 7
3912  0.27755103 245 7
4664  0.3210332 271 7
3828  0.28695652 230 7
4154  0.33992094 253 7
3992  0.32941177 255 7
4132  0.32684824 257 7
4768  0.3180212 283 7
5726  0.32038835 309 8
3850  0.29707113 239 7
4198  0.24615385 260 7
4182  0.33204633 259 7
4176  0.31640625 256 7
3834  0.3265306 245 7
5370  0.30960855 281 8
4114  0.30364373 247 7
3884  0.32684824 257 7
5288  0.2857143 280 8
4030  0.35877863 262 7
5190  0.3068182 264 8
4018  0.27935222 247 7
3956  0.2603306 242 7
3996  0.2751938 258 7
3748  0.30222222 225 7
3970  0.2581967 244 7
3790  0.28879312 232 7
4374  0.348659 261 7
4970  0.30208334 288 7
5224  0.26523298 279 8
3924  0.29338843 242 7
4526  0.24125874 286 7
4102  0.29435483 248 7
5750  0.2908497 306 8
5602  0.28476822 302 8
3918  0.30039525 253 7
3890  0.34583333 240 7
3822  0.34285715 245 7
5398  0.30449826 289 8
3978  0.27160493 243 7
6944  0.34300792 379 8
5518  0.32507738 323 7
5848  0.30163935 305 8
4148  0.27058825 255 7
7060  0.34473684 380 8
3712  0.30941704 223 7
4086  0.2635659 258 7
4648  0.2777778 270 7
4524  0.2868526 251 7
5388  0.2724138 290 8
5798  0.27884614 312 8
3958  0.3067227 238 7
4552  0.3478261 276 7
3904  0.2581967 244 7
3984  0.2838983 236 7
3998  0.33734939 249 7
3606  0.27155173 232 7
3944  0.3562753 247 7
3816  0.35443038 237 7
3894  0.26666668 240 7
4034  0.3195021 241 7
3862  0.30645162 248 7
3966  0.28688523 244 7
4086  0.29149798 247 7
3782  0.34745762 236 7
4154  0.27952754 254 7
4054  0.30204082 245 7
3714  0.2760181 221 7
3916  0.32365146 241 7
3832  0.31428573 245 7
3862  0.27530363 247 7
4598  0.3129771 262 7
3622  0.26106194 226 7
3704  0.27826086 230 7
3992  0.28 250 7
4272  0.2576923 260 7
3878  0.32270917 251 7
5228  0.3210332 271 8
3974  0.30737704 244 7
5448  0.27181208 298 8
3798  0.32921812 243 7
4040  0.2868526 251 7
5612  0.2777778 306 8
5728  0.32459018 305 8
3654  0.30769232 234 7
6040  0.28617364 311 8
4018  0.32793522 247 7
3782  0.27705628 231 7
4338  0.2751938 258 7
4012  0.324 250 7
4032  0.3677686 242 7
3968  0.3 250 7
3844  0.27385893 241 7
5944  0.2987805 328 8
3716  0.3319149 235 7
3778  0.2838428 229 7
5024  0.30194804 308 7
5472  0.28865978 291 8
4222  0.2901961 255 7
3982  0.32142857 252 7
4024  0.31666666 240 7
3866  0.33766234 231 7
4014  0.34362933 259 7
4270  0.2868217 258 7
4130  0.2977099 262 7
4046  0.26209676 248 7
4080  0.31764707 255 7
4456  0.2751938 258 7
3816  0.30508474 236 7
4496  0.26618704 278 7
3720  0.29661018 236 7
3884  0.34710744 242 7
3872  0.28870293 239 7
3790  0.34854773 241 7
3866  0.2987552 241 7
3958  0.28688523 244 7
5050  0.27240142 279 8
5966  0.3109756 328 8
3740  0.32051283 234 7
3838  0.3237705 244 7
4006  0.30522087 249 7
4036  0.28968254 252 7
4176  0.30451128 266 7
3902  0.364 250 7
3840  0.3 240 7
3798  0.29387754 245 7
4718  0.28787878 264 7
3896  0.31759655 233 7
4474  0.27799228 259 7
3872  0.31004366 229 7
4896  0.32246378 276 7
4092  0.34538153 249 7
3816  0.26778242 239 7
4080  0.29032257 248 7
5782  0.24844721 322 8
3910  0.30452675 243 7
5056  0.27137548 269 8
5426  0.3240418 287 8
3760  0.30416667 240 7
3872  0.34024897 241 7
3782  0.3237705 244 7
3838  0.28270042 237 7
5094  0.27941176 272 8
3810  0.3164557 237 7
3856  0.31967214 244 7
3884  0.31578946 247 7
4034  0.28793773 257 7
4058  0.27888447 251 7
5428  0.28231293 294 8
4120  0.2964427 253 7
3704  0.30044842 223 7
4832  0.29642856 280 7
4266  0.3125 256 7
4692  0.34375 288 7
4180  0.2706767 266 7
4154  0.34979424 243 7
3726  0.33189654 232 7
3742  0.30327868 244 7
5590  0.29139072 302 8
4502  0.34532374 278 7
3868  0.2489796 245 7
3558  0.33039647 227 7
3894  0.30165288 242 7
3542  0.3080357 224 7
3948  0.26171875 256 7
3884  0.31223628 237 7
4080  0.30705395 241 7
4222  0.3 260 7
3750  0.29535866 237 7
3942  0.27459016 244 7
3980  0.33469388 245 7
5544  0.3298969 291 8
4074  0.33476394 233 7
4074  0.27626458 257 7
4056  0.312 250 7
6050  0.27893174 337 8
4514  0.32592592 270 7
4208  0.2749004 251 7
3816  0.31034482 232 7
4086  0.25378788 264 7
3958  0.35177866 253 7
5584  0.3301282 312 8
3902  0.2897959 245 7
3788  0.29045644 241 7
3872  0.31512606 238 7
3918  0.37238494 239 7
3720  0.35267857 224 7
4024  0.34552845 246 7
3838  0.2638298 235 7
3998  0.34362933 259 7
3996  0.31349206 252 7
4024  0.30645162 248 7
3782  0.29411766 238 7
4254  0.29457363 258 7
4030  0.30566037 265 7
3788  0.25409836 244 7
4102  0.3360324 247 7
3776  0.3153527 241 7
3806  0.3275862 232 7
4108  0.30739298 257 7
3878  0.35887095 248 7
3744  0.31390134 223 7
5556  0.3255814 301 8
3782  0.29661018 236 7
3998  0.26136363 264 7
6178  0.2912913 333 8
3894  0.29803923 255 7
3822  0.27916667 240 7
3900  0.30923694 249 7
6774  0.3543956 364 8
5848  0.32352942 306 8
4138  0.3127413 259 7
3880  0.2682927 246 7
3822  0.23045267 243 7
3710  0.31304348 230 7
4412  0.33828998 269 7
4620  0.2764505 293 7
4568  0.30708662 254 7
3840  0.28451884 239 7
5470  0.3031359 287 8
3828  0.31620553 253 7
4890  0.31929824 285 7
3714  0.30341882 234 7
4294  0.31417623 261 7
3958  0.34016395 244 7
5416  0.28521127 284 8
3282  0.34673366 199 7
6484  0.2922636 349 8
5718  0.28709677 310 8
4040  0.28286853 251 7
3792  0.26271185 236 7
3862  0.27234042 235 7
5072  0.27651516 264 8
4024  0.3319838 247 7
4182  0.33076924 260 7
3766  0.28151262 238 7
3934  0.2952756 254 7
3792  0.35344827 232 7
4238  0.33333334 270 7
3804  0.24896266 241 7
4096  0.30588236 255 7
3704  0.21794872 234 7
3912  0.30522087 249 7
4182  0.34339622 265 7
4020  0.25984251 254 7
4036  0.28125 256 7
5134  0.30147058 272 8
5494  0.28767124 292 8
5302  0.30072463 276 8
3798  0.3140496 242 7
4030  0.35826772 254 7
4346  0.3065134 261 7
4166  0.2761506 239 7
4064  0.26422763 246 7
3822  0.30416667 240 7
4620  0.27407408 270 7
4068  0.3241107 253 7
4000  0.30588236 255 7
4136  0.31923077 260 7
4276  0.310219 274 7
3816  0.31330472 233 7
3856  0.25104603 239 7
4204  0.29249012 253 7
5872  0.31528664 314 8
4518  0.31914893 282 7
5718  0.2970297 303 8
4182  0.292 250 7
4238  0.37401575 254 7
4086  0.32931727 249 7
4488  0.29032257 279 7
3862  0.3153527 241 7
5496  0.29666665 300 8
3984  0.31496063 254 7
3918  0.356 250 7
5152  0.3625954 262 8
4108  0.27799228 259 7
4198  0.32684824 257 7
3840  0.27586207 232 7
4248  0.3167939 262 7
4496  0.3 260 7
4142  0.31428573 245 7
3800  0.3004292 233 7
5404  0.33333334 279 8
5988  0.30914825 317 8
3888  0.3415638 243 7
4446  0.29277566 263 7
3642  0.29032257 217 7
4120  0.29959515 247 7
5904  0.28526646 319 8
5640  0.30169493 295 8
4006  0.32231405 242 7
4080  0.25301206 249 7
3910  0.3319672 244 7
4158  0.30620155 258 7
3806  0.27559054 254 7
4158  0.26666668 255 7
3778  0.33471075 242 7
4006  0.28861788 246 7
3496  0.3116279 215 7
4638  0.2835821 268 7
5780  0.31683168 303 8
3974  0.35797665 257 7
6000  0.33742332 326 8
3856  0.31380752 239 7
5438  0.3217993 289 8
4200  0.34220532 263 7
4490  0.32472324 271 7
3900  0.33755276 237 7
3900  0.2811245 249 7
4036  0.3478261 253 7
3968  0.33333334 255 7
4124  0.3071161 267 7
4014  0.3515625 256 7
3754  0.30416667 240 7
4558  0.25830257 271 7
3934  0.27710843 249 7
4064  0.3139535 258 7
3856  0.35655737 244 7
3906  0.2801724 232 7
4000  0.34583333 240 7
4078  0.3253012 249 7
4502  0.3243243 259 7
3968  0.3319672 244 7
4030  0.2798354 243 7
4760  0.32394367 284 7
4238  0.3359375 256 7
4086  0.28846154 260 7
3854  0.29268292 246 7
4070  0.30152673 262 7
5612  0.30536914 298 8
3850  0.30212766 235 7
3816  0.28448275 232 7
3966  0.25403225 248 7
5280  0.34736842 285 8
3856  0.33195022 241 7
4216  0.3083004 253 7
5528  0.33333334 291 8
4076  0.26717559 262 7
3960  0.33333334 246 7
5414  0.28178695 291 8
4152  0.28846154 260 7
3880  0.34 250 7
4020  0.2952756 254 7
4174  0.34339622 265 7
5090  0.29927006 274 8
4096  0.30152673 262 7
5748  0.2933754 317 8
3950  0.25910932 247 7
4680  0.3041825 263 7
6248  0.33021808 321 8
3912  0.27309236 249 7
3428  0.29326922 208 7
3880  0.32083333 240 7
5196  0.27106228 273 8
5650  0.3105802 293 8
4056  0.25101215 247 7
4120  0.38610038 259 7
6258  0.30395138 329 8
4238  0.35114503 262 7
3736  0.28318584 226 7
4118  0.26119402 268 7
4142  0.34848484 264 7
4176  0.2519685 254 7
3766  0.25 232 7
3918  0.33877552 245 7
4424  0.28731343 268 7
4384  0.354717 265 7
4090  0.32921812 243 7
3952  0.31380752 239 7
4368  0.3041825 263 7
3894  0.31474105 251 7
3936  0.28163266 245 7
4570  0.2651515 264 7
3912  0.29554656 247 7
4206  0.32706767 266 7
5032  0.28846154 312 7
4710  0.36585367 287 7
3782  0.27586207 232 7
3726  0.27542374 236 7
5342  0.26277372 274 8
4260  0.26373628 273 7
3760  0.3173913 230 7
3912  0.28 250 7
3884  0.3429752 242 7
4998  0.2901024 293 7
3850  0.31223628 237 7
4592  0.31929824 285 7
3810  0.33891213 239 7
3740  0.27916667 240 7
5094  0.35338345 266 8
3878  0.27310926 238 7
3720  0.28755364 233 7
3944  0.2780083 241 7
3952  0.2701613 248 7
4070  0.31538463 260 7
3832  0.25714287 245 7
4000  0.30612245 245 7
3788  0.3220339 236 7
3862  0.32489452 237 7
4074  0.26190478 252 7
4214  0.30402932 273 7
3918  0.25984251 254 7
4158  0.3108614 267 7
4074  0.29435483 248 7
5624  0.33110368 299 8
4192  0.27272728 264 7
4494  0.32042253 284 7
4198  0.37078652 267 7
3878  0.31557378 244 7
4534  0.31724137 290 7
3974  0.3265306 245 7
4058  0.25203252 246 7
3952  0.30508474 236 7
5132  0.33443707 302 7
3704  0.34513274 226 7
4304  0.3962264 265 7
3940  0.31764707 255 7
4526  0.3180212 283 7
5392  0.30545455 275 8
4024  0.2962963 243 7
5702  0.29617834 314 8
4024  0.28515625 256 7
8024  0.2900232 431 8
4170  0.34817815 247 7
4158  0.33203125 256 7
5506  0.3322034 295 8
3872  0.31355932 236 7
3896  0.35573122 253 7
3862  0.25619835 242 7
3822  0.28085107 235 7
3950  0.2857143 252 7
5960  0.3147541 305 8
4020  0.32677165 254 7
4192  0.29571983 257 7
3742  0.3215859 227 7
3878  0.28033474 239 7
4008  0.3172691 249 7
4340  0.3231939 263 7
4766  0.32246378 276 7
5538  0.35117057 299 8
3830  0.3516949 236 7
4328  0.29545453 264 7
5358  0.3031359 287 8
4046  0.30204082 245 7
5506  0.25614035 285 8
3804  0.29288703 239 7
5870  0.29113925 316 8
3908  0.3442623 244 7
4632  0.29347825 276 7
4282  0.29241878 277 7
3872  0.31512606 238 7
4070  0.27888447 251 7
3996  0.30859375 256 7
4344  0.30566037 265 7
6170  0.25993884 327 8
3744  0.2532189 233 7
5864  0.296875 320 8
5354  0.3018182 275 8
4108  0.3540856 257 7
4024  0.34274194 248 7
3580  0.31797236 217 7
3878  0.31512606 238 7
5470  0.30952382 294 8
4352  0.32950193 261 7
4216  0.26153848 260 7
4254  0.31203008 266 7
3894  0.3526971 241 7
4568  0.29893237 281 7
4084  0.3091603 262 7
4040  0.27125505 247 7
4232  0.3207547 265 7
3670  0.2881356 236 7
5574  0.27272728 308 8
3878  0.30278885 251 7
4070  0.27235773 246 7
3992  0.37096775 248 7
3894  0.33613446 238 7
4338  0.26877472 253 7
3782  0.32456142 228 7
3856  0.3237705 244 7
3958  0.35222673 247 7
4070  0.32806325 253 7
4036  0.31854838 248 7
4176  0.29166666 264 7
6300  0.29275364 345 8
4472  0.2988048 251 7
3766  0.3140496 242 7
4142  0.34749034 259 7
4294  0.3210332 271 7
3952  0.34439835 241 7
3732  0.32034633 231 7
4272  0.31538463 260 7
4086  0.33984375 256 7
5240  0.33333334 282 8
4180  0.3129771 262 7
4126  0.32941177 255 7
5566  0.30392158 306 8
3720  0.33189654 232 7
5720  0.27540985 305 8
4012  0.31428573 245 7
3748  0.2584746 236 7
3878  0.29959515 247 7
4688  0.34200743 269 7
4300  0.29090908 275 7
3866  0.23076923 234 7
3928  0.32352942 238 7
3958  0.27667984 253 7
3688  0.32327586 232 7
3848  0.33891213 239 7
5364  0.32246378 276 8
4056  0.27131784 258 7
5066  0.2915129 271 8
4300  0.3321033 271 7
3968  0.27888447 251 7
4068  0.24904214 261 7
3856  0.29535866 237 7
3918  0.3306773 251 7
3958  0.33333334 252 7
3590  0.29357797 218 7
4288  0.35869566 276 7
4046  0.2578125 256 7
3960  0.25301206 249 7
4630  0.30388692 283 7
4632  0.2930403 273 7
4328  0.33333334 264 7
4576  0.2936803 269 7
7440  0.28316328 392 8
4102  0.30827066 266 7
4046  0.3319838 247 7
3756  0.27966103 236 7
4040  0.2804878 246 7
5666  0.25170067 294 8
3766  0.2820513 234 7
3974  0.29482073 251 7
5560  0.32792208 308 8
3896  0.32520324 246 7
3760  0.27510917 229 7
3912  0.30833334 240 7
6342  0.32857144 350 8
4616  0.25925925 270 7
4058  0.26587301 252 7
4086  0.28514057 249 7
4166  0.32156864 255 7
3536  0.24434389 221 7
4136  0.34538153 249 7
4024  0.2520661 242 7
4068  0.26482213 253 7
3990  0.3241107 253 7
3798  0.2746781 233 7
4238  0.36144578 249 7
4086  0.27165353 254 7
4598  0.30935252 278 7
4080  0.30327868 244 7
4120  0.29249012 253 7
3788  0.3114754 244 7
3974  0.32793522 247 7
3884  0.3164557 237 7
3658  0.29646018 226 7
4702  0.34172663 278 7
4024  0.32098764 243 7
3862  0.3140496 242 7
3918  0.31666666 240 7
5470  0.31666666 300 8
4334  0.32575756 264 7
5836  0.30405405 296 8
4074  0.25523013 239 7
4006  0.33992094 253 7
4172  0.3091603 262 7
3956  0.2972973 259 7
3924  0.2977099 262 7
5408  0.34397164 282 8
4176  0.3079848 263 7
3810  0.29535866 237 7
3872  0.29910713 224 7
5742  0.33650795 315 8
3934  0.28514057 249 7
4232  0.32575756 264 7
4366  0.3041825 263 7
3992  0.276 250 7
4766  0.2804428 271 7
3886  0.27309236 249 7
3844  0.3277311 238 7
4822  0.35172415 290 7
3884  0.26612905 248 7
3742  0.30567685 229 7
4120  0.2992126 254 7
5304  0.3057554 278 8
4626  0.3385214 257 7
4396  0.37638375 271 7
3952  0.32793522 247 7
6326  0.29663607 327 8
3726  0.26637554 229 7
6018  0.3058104 327 8
3840  0.31465518 232 7
3776  0.2704918 244 7
5814  0.33548388 310 8
3816  0.25306123 245 7
4744  0.28195488 266 7
5584  0.31456953 302 8
4008  0.29674795 246 7
4034  0.29571983 257 7
3980  0.3359375 256 7
3658  0.2888889 225 7
5202  0.30107528 279 8
3710  0.28270042 237 7
3800  0.2826087 230 7
5804  0.35403726 322 8
3822  0.23430963 239 7
4040  0.38076922 260 7
3726  0.3116883 231 7
4136  0.29588014 267 7
3776  0.35217392 230 7
4220  0.29571983 257 7
3966  0.28163266 245 7
3720  0.30212766 235 7
4046  0.33467743 248 7
4158  0.3283582 268 7
3902  0.28806585 243 7
4232  0.33976835 259 7
4086  0.2936508 252 7
3872  0.34893617 235 7
3872  0.31075698 251 7
5370  0.31428573 280 8
4006  0.24902724 257 7
3798  0.29508197 244 7
3894  0.29583332 240 7
3918  0.30705395 241 7
3978  0.3117409 247 7
4238  0.28195488 266 7
5482  0.3003413 293 8
3838  0.36554623 238 7
3816  0.32231405 242 7
3608  0.26760563 213 7
6382  0.30701753 342 8
3918  0.31300813 246 7
3770  0.24347825 230 7
3810  0.30705395 241 7
4204  0.3218391 261 7
3832  0.38271606 243 7
5696  0.2901024 293 8
5218  0.33212996 277 8
4254  0.3129771 262 7
4204  0.26953125 256 7
3748  0.2542373 236 7
3974  0.276 250 7
4214  0.31764707 255 7
6512  0.34393063 346 8
4046  0.256917 253 7
4154  0.31764707 255 7
4198  0.33211678 274 7
4412  0.31636363 275 7
6130  0.27639753 322 8
4154  0.31007752 258 7
5242  0.2930403 273 8
3714  0.2832618 233 7
3918  0.33333334 246 7
3934  0.3526971 241 7
4220  0.3231939 263 7
3934  0.296875 256 7
5826  0.32165605 314 8
4014  0.31746033 252 7
3902  0.28630707 241 7
3952  0.26984128 252 7
4592  0.25614035 285 7
4028  0.3241107 253 7
4166  0.2901961 255 7
4434  0.29961088 257 7
5914  0.29467085 319 8
4654  0.27376425 263 7
4014  0.3137255 255 7
5304  0.2847222 288 8
5466  0.31740615 293 8
4080  0.2984496 258 7
5274  0.299639 277 8
5318  0.34385964 285 8
4246  0.33840305 263 7
3862  0.30252102 238 7
3766  0.35193133 233 7
4158  0.3258427 267 7
4592  0.36200717 279 7
3862  0.28033474 239 7
4136  0.3229572 257 7
3788  0.24583334 240 7
5680  0.34201956 307 8
5768  0.31511253 311 8
4164  0.3167939 262 7
4422  0.28148147 270 7
3872  0.32520324 246 7
5798  0.3003096 323 8
3944  0.2962963 243 7
4024  0.29460582 241 7
5544  0.2575251 299 8
3992  0.31906614 257 7
5432  0.30769232 286 8
3958  0.2874494 247 7
3568  0.2857143 217 7
