7170  400 8
6360  346 8
6746  389 8
9372  509 8
8568  467 8
7994  449 8
8782  478 8
8584  469 8
8640  466 8
7774  412 8
7876  421 8
7892  426 8
8422  455 8
9334  501 8
8422  452 8
9248  502 8
9508  518 8
13486  638 9
9580  528 8
7052  392 8
8400  446 8
8654  468 8
9596  522 8
9692  522 8
8804  469 8
7556  411 8
9350  504 8
9780  513 8
9580  520 8
8142  436 8
9400  494 8
10958  577 8
9244  507 8
8502  449 8
9854  528 8
11222  511 9
9580  517 8
9788  537 8
11582  547 9
11046  505 9
8676  468 8
7454  407 8
11396  588 8
14110  652 9
9462  515 8
9670  533 8
13380  635 9
9974  540 8
9828  540 8
13054  635 9
9174  501 8
8702  461 8
9052  506 8
10068  562 8
12566  583 9
9294  498 8
8052  435 8
12256  574 9
8854  482 8
8772  483 8
9356  521 8
12452  581 9
14380  685 9
8828  486 8
9540  533 8
8502  461 8
11906  546 9
8568  453 8
9542  516 8
8918  476 8
14110  672 9
9288  504 8
9158  483 8
11036  606 8
12172  573 9
9524  511 8
14846  724 9
9692  534 8
12796  611 9
12048  570 9
9006  495 8
8604  459 8
9782  515 8
8798  476 8
10698  480 9
8540  467 8
9652  520 8
8462  453 8
7534  409 8
8922  485 8
8676  486 8
7680  417 8
8332  452 8
10748  566 8
9012  486 8
8484  461 8
8248  444 8
9598  492 8
8884  488 8
8676  471 8
12706  595 9
8456  449 8
8436  459 8
10638  565 8
9070  482 8
8558  462 8
8900  466 8
11096  504 9
9036  484 8
8804  475 8
8962  476 8
9614  524 8
11710  533 9
8496  448 8
9394  483 8
13998  673 9
7338  400 8
11996  557 9
9372  516 8
10366  545 8
10324  556 8
10726  580 8
8124  438 8
11150  505 9
8168  435 8
10030  505 8
13340  635 9
11536  528 9
8686  469 8
8624  475 8
9636  520 8
8620  467 8
8646  461 8
12868  605 9
8250  425 8
12718  612 9
9636  530 8
10052  541 8
16226  756 9
10440  547 8
12358  587 9
9828  547 8
14886  701 9
10210  537 8
8782  477 8
10974  578 8
9204  502 8
7558  420 8
8676  474 8
11632  531 9
8636  465 8
12384  591 9
9294  505 8
7468  413 8
8788  471 8
10188  525 8
10430  539 8
8940  496 8
11874  543 9
8540  457 8
13048  596 9
8934  468 8
13346  654 9
11406  518 9
7894  412 8
8734  469 8
9316  491 8
9732  546 8
6990  392 8
7630  421 8
9788  546 8
9396  510 8
11838  544 9
8844  478 8
12268  583 9
11318  560 8
8568  455 8
9052  482 8
9254  505 8
8406  474 8
10238  549 8
9030  487 8
9254  507 8
9068  496 8
13268  624 9
11016  563 8
8060  439 8
8544  459 8
8518  455 8
9006  479 8
9322  510 8
8400  452 8
8996  484 8
9294  497 8
8844  487 8
8062  439 8
10380  568 8
11182  520 9
10486  547 8
8816  476 8
8990  472 8
10284  537 8
8168  440 8
7652  417 8
9356  502 8
8798  467 8
8742  474 8
9046  476 8
9164  496 8
13470  642 9
8630  446 8
7898  433 8
10344  543 8
8056  452 8
12070  569 9
9748  536 8
8608  456 8
8552  444 8
8304  430 8
9654  509 8
8760  462 8
11170  499 9
8508  457 8
11990  549 9
9334  508 8
8744  480 8
10878  575 8
9350  508 8
9158  489 8
8772  472 8
8478  451 8
7528  397 8
8288  461 8
7692  423 8
8860  479 8
10952  491 9
10220  539 8
8838  476 8
9294  501 8
8390  446 8
12200  567 9
8620  471 8
8822  477 8
13502  638 9
9220  489 8
15974  739 9
9238  494 8
11992  552 9
11990  557 9
8452  458 8
9766  535 8
7972  435 8
10568  560 8
13756  649 9
9350  502 8
8356  443 8
12788  592 9
9676  529 8
8702  481 8
14750  690 9
7468  408 8
8654  463 8
14774  723 9
9754  542 8
9868  522 8
12074  558 9
9238  499 8
9732  537 8
8838  473 8
8838  464 8
12132  566 9
7830  412 8
8540  449 8
9532  516 8
7864  411 8
9698  526 8
7462  422 8
8600  456 8
11688  542 9
9964  528 8
14702  695 9
8710  481 8
11620  631 8
13632  626 9
9822  530 8
8382  433 8
9916  546 8
13352  625 9
7646  408 8
11380  529 9
9620  551 8
9574  528 8
9208  487 8
8422  436 8
8732  469 8
9676  532 8
8620  473 8
11352  518 9
11014  588 8
12364  591 9
13142  610 9
9962  540 8
8388  442 8
8798  482 8
9036  504 8
9732  536 8
8670  455 8
13334  621 9
10644  567 8
9294  493 8
9518  503 8
11648  543 9
10322  564 8
9660  516 8
15174  733 9
9124  491 8
9788  539 8
10430  547 8
14252  669 9
8478  471 8
9580  517 8
8798  472 8
9160  466 8
11002  507 9
9508  519 8
9748  530 8
9444  497 8
6982  386 8
9120  501 8
8798  473 8
8198  448 8
11592  520 9
8742  471 8
11548  625 8
9790  519 8
14902  715 9
11538  637 8
8766  451 8
10548  552 8
9692  519 8
7652  428 8
14926  713 9
10524  554 8
8844  475 8
9630  518 8
9070  480 8
12732  603 9
9726  516 8
9614  514 8
12414  601 9
11462  527 9
13790  649 9
16592  770 9
11996  557 9
9366  500 8
12104  556 9
9636  513 8
15078  704 9
9614  527 8
12446  582 9
9340  507 8
9316  500 8
9894  523 8
8524  455 8
9356  518 8
8974  497 8
9220  492 8
11806  550 9
9192  499 8
10508  566 8
16716  764 9
9002  499 8
7646  434 8
11496  536 9
9918  536 8
9062  490 8
9300  508 8
8838  471 8
11886  560 9
7416  406 8
11880  554 9
10142  523 8
9444  523 8
8390  445 8
12096  551 9
10856  493 9
8698  471 8
13700  639 9
14734  705 9
11798  546 9
12964  626 9
9484  512 8
15262  729 9
13654  629 9
8478  464 8
9152  485 8
13912  652 9
9710  529 8
9452  523 8
8518  449 8
10166  508 8
7748  406 8
13892  661 9
15060  732 9
11104  508 9
10946  589 8
9812  529 8
9682  511 8
8878  484 8
9356  516 8
10152  539 8
9052  508 8
8694  486 8
14038  670 9
9620  522 8
7766  418 8
8598  481 8
9528  505 8
13670  635 9
12286  577 9
11036  602 8
9772  536 8
8502  451 8
9334  506 8
9284  491 8
13374  637 9
10766  579 8
9118  485 8
8646  461 8
13284  621 9
12030  570 9
8342  447 8
9126  494 8
8930  475 8
10154  548 8
8742  477 8
11306  523 9
9328  496 8
10508  567 8
14156  678 9
9726  542 8
15516  772 9
8208  461 8
9990  529 8
14532  706 9
13854  651 9
9316  494 8
9732  534 8
8196  451 8
10340  567 8
13174  626 9
9512  516 8
8838  478 8
8512  466 8
9778  539 8
9068  471 8
9278  494 8
8400  455 8
9124  487 8
8310  440 8
9486  518 8
8986  491 8
9692  523 8
9372  498 8
16638  754 9
11176  514 9
15456  714 9
16376  755 9
9676  516 8
9220  511 8
8260  456 8
8894  490 8
11580  533 9
12566  588 9
9148  487 8
12430  584 9
11076  591 8
9812  529 8
9452  519 8
11134  600 8
13758  654 9
11272  521 9
10350  544 8
8550  464 8
9036  490 8
11990  563 9
17480  813 9
9140  500 8
9238  482 8
9188  503 8
9798  511 8
17206  797 9
9316  489 8
11198  511 9
15308  746 9
9868  544 8
9406  500 8
12452  577 9
13880  637 9
11756  548 9
9680  528 8
9956  543 8
11458  533 9
9676  528 8
9968  533 8
8708  471 8
9036  506 8
9334  496 8
9534  513 8
10894  581 8
12868  599 9
9654  519 8
12936  601 9
9564  523 8
12436  596 9
9676  512 8
14252  674 9
9086  474 8
11676  529 9
11878  552 9
9126  493 8
8646  475 8
8838  480 8
8760  476 8
8550  462 8
9372  509 8
8518  458 8
9220  503 8
10060  539 8
9204  494 8
9854  523 8
9092  490 8
8702  474 8
11704  536 9
13542  624 9
14150  671 9
13116  627 9
9334  512 8
12344  576 9
9766  531 8
12222  583 9
10030  549 8
10222  537 8
14076  675 9
9710  535 8
15100  730 9
12812  598 9
9062  493 8
14150  668 9
11620  543 9
8574  464 8
9788  539 8
12126  565 9
8934  470 8
11650  539 9
13998  671 9
12206  570 9
13166  614 9
11546  533 9
12256  566 9
16694  753 9
10086  539 8
8900  488 8
13206  623 9
11514  510 9
9142  498 8
11244  612 8
9508  539 8
9142  484 8
13604  655 9
14414  681 9
11048  497 9
9692  537 8
12470  594 9
14094  652 9
10978  506 9
15064  695 9
9716  523 8
9220  511 8
12148  578 9
10328  548 8
9726  528 8
15476  757 9
7910  413 8
11688  540 9
15724  775 9
10828  571 8
10052  546 8
14790  696 9
9438  496 8
11244  610 8
8882  480 8
10396  570 8
13784  654 9
8844  490 8
14926  712 9
10316  547 8
9534  522 8
10318  553 8
11632  532 9
9062  480 8
9772  527 8
9540  531 8
8254  436 8
14150  663 9
15684  766 9
9406  518 8
8832  477 8
9238  497 8
12486  599 9
9662  506 8
12964  618 9
13784  650 9
8918  478 8
10502  567 8
9294  508 8
10664  470 9
12520  600 9
12334  575 9
10046  537 8
13094  629 9
9534  501 8
13390  622 9
8422  465 8
19188  910 9
13598  637 9
9564  517 8
10598  562 8
11806  550 9
9406  508 8
13100  627 9
14172  667 9
9334  501 8
13024  604 9
11890  546 9
9772  530 8
9412  511 8
9334  502 8
10822  585 8
9198  505 8
11396  631 8
8468  467 8
14476  675 9
11036  602 8
9428  507 8
12800  606 9
9540  514 8
9630  512 8
12294  583 9
11962  559 9
13166  634 9
11030  484 9
9652  526 8
9484  508 8
13480  632 9
8614  465 8
10468  577 8
15364  751 9
16614  771 9
9732  522 8
9574  519 8
15212  733 9
14340  677 9
8956  479 8
10468  573 8
15324  739 9
12420  597 9
9294  502 8
10092  541 8
14436  697 9
14674  702 9
12412  573 9
8934  473 8
15206  725 9
12312  580 9
12806  606 9
10126  544 8
15990  754 9
8664  456 8
10158  547 8
9580  523 8
10810  474 9
9814  541 8
9350  502 8
9608  512 8
8894  480 8
9404  501 8
7338  391 8
13656  644 9
7926  427 8
10356  563 8
9956  540 8
9102  482 8
11182  509 9
14252  687 9
12486  593 9
12716  599 9
10462  564 8
10828  581 8
9766  515 8
14408  688 9
11818  550 9
12718  587 9
9732  538 8
14166  677 9
9648  520 8
10372  552 8
12280  580 9
8822  485 8
10036  562 8
9356  515 8
12548  590 9
12508  593 9
10148  529 8
10350  553 8
9108  503 8
14742  715 9
8940  486 8
11918  562 9
9372  518 8
10766  494 9
8496  451 8
15420  748 9
9270  507 8
10620  558 8
10788  582 8
11108  602 8
12726  591 9
12830  583 9
10660  563 8
9198  491 8
14572  708 9
8900  478 8
9574  530 8
11936  537 9
9478  508 8
13846  653 9
11750  555 9
9534  513 8
12548  592 9
12136  574 9
9698  517 8
8326  448 8
14740  686 9
12470  569 9
14588  689 9
10350  552 8
8726  469 8
9956  543 8
8974  501 8
14566  698 9
13064  619 9
10620  584 8
10884  556 8
8860  475 8
8990  477 8
9434  507 8
15234  717 9
8702  457 8
8884  493 8
13206  613 9
9692  516 8
8804  468 8
9064  501 8
10288  549 8
13262  621 9
7966  432 8
10284  553 8
9524  511 8
9826  529 8
15766  721 9
10524  541 8
9372  510 8
9704  506 8
9710  526 8
8744  464 8
8844  476 8
13774  658 9
13150  628 9
11382  524 9
10564  570 8
15942  763 9
9418  506 8
9170  500 8
9384  485 8
8716  472 8
14638  703 9
9044  487 8
9276  510 8
11008  503 9
9316  495 8
13462  637 9
11486  521 9
13424  629 9
9828  538 8
17760  846 9
8422  441 8
12222  581 9
9946  546 8
9844  543 8
11592  544 9
10092  535 8
14430  673 9
12752  615 9
11384  530 9
11598  629 8
10068  554 8
8934  486 8
10244  548 8
9940  536 8
9418  505 8
11394  530 9
9732  523 8
10732  558 8
9334  514 8
10262  527 8
10342  517 8
9266  496 8
12554  615 9
9340  509 8
11222  510 9
13020  622 9
11452  614 8
11020  610 8
9884  528 8
9748  523 8
9670  517 8
9350  508 8
10310  535 8
12072  560 9
8798  471 8
9468  511 8
9236  509 8
10568  559 8
11046  513 9
13014  615 9
12352  566 9
9614  508 8
10880  541 8
12502  580 9
10190  522 8
9248  506 8
8872  478 8
9884  530 8
14988  718 9
12172  565 9
11040  493 9
14982  728 9
9748  526 8
9772  528 8
9648  506 8
12998  614 9
12358  580 9
12764  616 9
9276  506 8
14142  678 9
8918  475 8
11906  576 9
9316  506 8
11778  534 9
8534  455 8
9590  520 8
12030  561 9
9596  518 8
9748  532 8
8484  458 8
9670  521 8
9916  546 8
13644  643 9
9862  528 8
9350  505 8
13508  628 9
8764  480 8
9502  504 8
15516  765 9
9894  524 8
10074  547 8
9132  478 8
13734  660 9
8900  508 8
9468  523 8
8996  464 8
8996  508 8
9486  497 8
9900  551 8
9596  522 8
11592  523 9
11830  559 9
10944  497 9
11896  523 9
9192  494 8
9884  524 8
9356  514 8
12728  595 9
9732  527 8
9940  545 8
8034  424 8
6604  375 7
9158  497 8
8486  439 8
8708  469 8
9676  528 8
9598  512 8
11728  546 9
9812  520 8
12238  554 9
9086  483 8
8922  461 8
14032  653 9
12446  589 9
9294  487 8
14492  697 9
10148  539 8
9754  538 8
9574  516 8
9972  551 8
9198  477 8
10320  535 8
9980  529 8
9372  489 8
15432  714 9
10318  551 8
12536  597 9
9356  517 8
8996  505 8
11418  618 8
13156  618 9
9636  537 8
12600  593 9
14044  660 9
10828  575 8
12452  563 9
8580  478 8
9110  481 8
11672  537 9
9614  525 8
9894  524 8
9046  486 8
9926  540 8
14312  688 9
10206  532 8
12536  581 9
9676  526 8
9030  478 8
9006  484 8
9254  495 8
9670  521 8
9574  521 8
12612  602 9
12452  582 9
9198  492 8
12268  586 9
9294  515 8
12116  580 9
7652  422 8
7806  426 8
10822  572 8
12166  563 9
8822  468 8
8732  468 8
9366  507 8
9788  533 8
7670  424 8
11896  555 9
8540  455 8
9062  472 8
9732  540 8
9838  505 8
8816  459 8
11198  600 8
8374  457 8
9794  514 8
8758  455 8
7950  418 8
9614  513 8
8726  473 8
8940  485 8
9396  507 8
9136  488 8
9294  497 8
12238  574 9
9164  505 8
13150  623 9
18340  864 9
9214  485 8
9126  500 8
10732  569 8
10372  548 8
8124  461 8
10430  558 8
9052  486 8
7372  392 8
9070  491 8
8934  485 8
9390  514 8
14150  671 9
9014  490 8
10012  534 8
9406  487 8
12508  592 9
8838  474 8
8692  489 8
8680  467 8
8500  471 8
8838  479 8
11832  550 9
11240  501 9
11632  530 9
12036  559 9
8704  476 8
14168  672 9
9676  524 8
10150  498 8
12688  572 9
8478  457 8
13924  660 9
14476  699 9
9766  527 8
10468  554 8
9772  538 8
8654  462 8
9636  497 8
14134  667 9
9748  500 8
9372  528 8
12032  556 9
16900  798 9
13576  633 9
13380  638 9
11758  530 9
10868  589 8
12070  553 9
9844  546 8
8742  474 8
8804  484 8
8006  425 8
9174  501 8
12588  583 9
8822  479 8
9548  533 8
8822  460 8
9468  523 8
8102  432 8
8356  447 8
7686  412 8
8390  440 8
9288  493 8
8580  475 8
8668  467 8
7714  429 8
9812  549 8
10496  552 8
7494  402 8
9636  519 8
7086  384 8
8764  473 8
10446  563 8
9592  517 8
8080  431 8
8326  455 8
11734  544 9
9272  506 8
9214  493 8
9260  491 8
9670  529 8
8204  459 8
9720  522 8
11120  512 9
9492  527 8
12166  561 9
12892  616 9
10390  558 8
8384  449 8
7708  445 8
8822  465 8
9508  511 8
9630  502 8
14262  686 9
9692  526 8
9688  516 8
10754  571 8
8702  469 8
8580  459 8
11176  506 9
9636  511 8
9070  485 8
11728  532 9
12486  588 9
13626  640 9
9900  555 8
9918  522 8
8320  455 8
9272  495 8
11610  515 9
8836  481 8
13066  617 9
11720  540 9
8294  443 8
9270  495 8
14588  689 9
9636  527 8
11766  548 9
9070  479 8
14032  666 9
9462  511 8
9732  524 8
9412  507 8
8422  469 8
9292  498 8
12262  586 9
12166  577 9
11968  544 9
8968  485 8
9468  507 8
9204  501 8
9580  528 8
9180  491 8
11990  567 9
10276  533 8
9040  468 8
12558  586 9
12164  575 9
8574  473 8
10012  529 8
