5888  305 8
6140  340 8
8956  497 8
6934  386 8
6494  346 8
9418  495 8
5836  324 8
6624  357 8
6860  379 8
7524  412 8
8378  453 8
9316  522 8
11666  549 9
8558  459 8
6662  367 8
8416  436 8
7624  411 8
11458  529 9
8654  464 8
5468  346 7
8220  444 8
6876  375 8
8870  488 8
9198  475 8
9974  519 8
8002  420 8
8702  479 8
9630  504 8
8204  461 8
8028  437 8
9748  498 8
7652  426 8
13380  639 9
12604  601 9
12700  601 9
7596  406 8
9148  495 8
8574  452 8
7620  435 8
8598  470 8
8990  474 8
7310  399 8
7676  431 8
9046  478 8
9596  538 8
8280  443 8
7646  422 8
8484  453 8
8540  478 8
7782  438 8
12222  568 9
8612  462 8
13166  611 9
8722  497 8
7692  424 8
8336  439 8
11092  597 8
8558  466 8
8382  446 8
9092  494 8
9630  527 8
8838  473 8
8394  452 8
8716  474 8
8488  464 8
6872  374 8
16078  754 9
9294  502 8
15124  721 9
7652  427 8
9670  511 8
9492  511 8
8102  429 8
7900  446 8
9608  508 8
11356  603 8
9486  516 8
8804  471 8
8990  472 8
7972  444 8
8022  414 8
9692  540 8
7590  409 8
8828  479 8
8798  471 8
9412  512 8
8878  478 8
14538  693 9
8558  454 8
9676  521 8
7966  427 8
8950  472 8
9292  490 8
8832  461 8
14936  700 9
11564  542 9
9372  512 8
11244  612 8
7884  435 8
13790  629 9
12036  574 9
9036  487 8
9058  481 8
9524  509 8
8918  483 8
9596  525 8
8950  467 8
9058  492 8
9254  493 8
6830  378 8
9284  511 8
7766  424 8
8124  434 8
9732  524 8
8552  454 8
8996  488 8
12566  596 9
9110  488 8
7494  398 8
8726  454 8
9180  503 8
13118  632 9
9068  497 8
8412  451 8
8748  476 8
9518  501 8
9748  543 8
8046  437 8
9396  501 8
14308  696 9
9574  524 8
8012  435 8
8478  455 8
9596  516 8
8640  472 8
9636  525 8
9396  507 8
9620  505 8
9132  496 8
8598  455 8
9002  483 8
8434  446 8
9154  494 8
8900  486 8
11806  534 9
8484  452 8
9508  518 8
8838  492 8
9350  505 8
8124  443 8
12166  579 9
8568  451 8
9292  502 8
8028  449 8
8404  450 8
8382  445 8
12886  603 9
9334  488 8
9180  507 8
8996  491 8
13666  631 9
11776  535 9
8798  479 8
9058  494 8
9316  512 8
9580  517 8
9042  487 8
8996  480 8
9782  513 8
8680  463 8
12008  558 9
8916  481 8
8894  473 8
9036  489 8
8742  468 8
12358  594 9
12620  607 9
8756  486 8
9552  507 8
8642  465 8
8838  478 8
11980  556 9
12948  602 9
8518  457 8
8422  454 8
14492  690 9
8484  437 8
9062  495 8
8978  465 8
11974  548 9
11934  553 9
8142  427 8
8776  466 8
8964  476 8
11334  513 9
7388  417 8
8654  470 8
9174  490 8
14346  670 9
9670  529 8
9956  532 8
8652  447 8
9636  516 8
9710  518 8
9272  489 8
9478  496 8
8686  471 8
12502  584 9
12310  565 9
12800  603 9
7510  401 8
9528  491 8
13442  651 9
14200  670 9
9472  495 8
8686  470 8
8916  482 8
9254  487 8
9036  486 8
9574  500 8
8294  442 8
10966  550 8
8540  446 8
11284  596 8
9648  522 8
9812  535 8
8484  443 8
9356  509 8
8996  476 8
9574  515 8
9980  539 8
11830  553 9
7636  426 8
9012  487 8
7518  411 8
8702  474 8
9242  494 8
9772  525 8
8468  454 8
9434  515 8
9390  515 8
13874  659 9
10182  552 8
10612  569 8
13182  623 9
9732  541 8
11294  603 8
9294  506 8
9748  526 8
8934  493 8
9940  542 8
9446  506 8
8990  465 8
9478  509 8
14668  709 9
9918  542 8
14448  693 9
9518  499 8
11642  622 8
8540  454 8
9220  490 8
9012  507 8
9468  521 8
13700  660 9
8686  481 8
8996  492 8
9412  527 8
8108  442 8
12086  580 9
9310  472 8
10012  533 8
9508  509 8
8630  473 8
8734  474 8
10288  542 8
14716  713 9
11108  502 9
9182  488 8
9636  532 8
9300  486 8
17818  824 9
9356  489 8
9620  525 8
11454  515 9
8164  443 8
9540  510 8
9372  503 8
14116  672 9
18756  883 9
10108  558 8
8496  449 8
10214  539 8
10072  503 8
9452  511 8
11092  594 8
8614  473 8
9142  483 8
11396  521 9
11710  541 9
8598  455 8
10412  543 8
13424  623 9
13084  630 9
9518  505 8
10114  569 8
9428  526 8
13390  633 9
8646  473 8
16094  763 9
7822  414 8
8254  429 8
10036  525 8
9294  498 8
8422  442 8
8996  489 8
8382  439 8
10664  543 8
13420  655 9
9372  500 8
8598  467 8
9324  495 8
8478  455 8
13806  648 9
10660  568 8
8660  468 8
8390  447 8
8996  482 8
8676  476 8
9508  509 8
9676  530 8
10524  564 8
9152  475 8
8860  483 8
12088  572 9
11728  541 9
10052  553 8
11278  513 9
13244  651 9
10046  520 8
9036  496 8
9782  541 8
11094  502 9
11334  526 9
12308  581 9
9778  527 8
9148  503 8
10452  571 8
13604  634 9
9316  479 8
9574  512 8
11912  550 9
12166  578 9
11912  543 9
14110  682 9
9664  501 8
11716  552 9
12222  577 9
13380  657 9
14094  654 9
10492  548 8
9124  505 8
10620  568 8
9198  493 8
9228  490 8
13468  634 9
13240  619 9
8934  480 8
12008  562 9
8366  450 8
11266  609 8
9676  517 8
9580  527 8
10372  546 8
10462  567 8
12060  632 8
8686  467 8
12566  597 9
12582  587 9
12132  563 9
9710  518 8
9046  488 8
9508  517 8
13508  638 9
14880  694 9
13132  624 9
9350  495 8
9052  499 8
14628  704 9
8478  448 8
10108  559 8
11962  561 9
11886  545 9
12756  617 9
8432  448 8
9398  512 8
8652  472 8
9782  508 8
9478  510 8
9372  508 8
9686  513 8
9070  495 8
12638  599 9
9630  531 8
8252  461 8
8500  462 8
7660  437 8
9166  505 8
9820  508 8
9300  503 8
9338  505 8
8142  444 8
9540  516 8
9836  535 8
8956  497 8
9444  502 8
7652  424 8
14616  672 9
11384  532 9
9254  486 8
9524  522 8
8484  453 8
8422  457 8
9238  510 8
9350  499 8
9822  513 8
9638  527 8
9294  490 8
10294  553 8
9524  525 8
9126  483 8
9350  503 8
10984  494 9
14628  717 9
11694  550 9
9460  514 8
13188  627 9
18660  878 9
9028  488 8
8996  489 8
8996  480 8
8636  482 8
9260  498 8
9350  518 8
9642  531 8
8956  487 8
11856  540 9
9884  548 8
15324  743 9
11244  601 8
12924  600 9
15302  734 9
9772  542 8
10154  549 8
15228  739 9
14470  686 9
8540  460 8
9040  474 8
13582  627 9
9676  522 8
9254  496 8
9508  525 8
9788  519 8
10052  538 8
9084  478 8
10664  567 8
10452  565 8
9732  524 8
8776  472 8
13936  666 9
9288  501 8
9294  508 8
9806  519 8
16292  774 9
9732  522 8
9910  529 8
13756  680 9
10732  573 8
9834  556 8
13998  657 9
10304  549 8
10716  577 8
13200  611 9
9518  517 8
13784  682 9
9148  489 8
20418  964 9
12272  581 9
14334  691 9
14510  700 9
13964  651 9
9452  525 8
9446  512 8
8838  492 8
9126  492 8
9514  518 8
13694  653 9
8320  432 8
11462  533 9
9186  511 8
10390  545 8
8844  483 8
12160  570 9
10548  575 8
9798  493 8
16956  822 9
11564  625 8
8860  472 8
9732  538 8
9732  531 8
8558  452 8
8860  487 8
7926  428 8
9468  519 8
9092  478 8
9452  521 8
10406  552 8
12672  590 9
7428  410 8
9372  514 8
10918  581 8
12222  580 9
8878  480 8
9164  486 8
7264  382 8
9956  548 8
8860  484 8
9356  495 8
9620  524 8
12302  574 9
8760  473 8
14464  683 9
12346  595 9
9248  506 8
9484  512 8
16206  766 9
9772  528 8
10126  529 8
12902  593 9
9396  508 8
12600  583 9
8788  474 8
12582  585 9
9732  529 8
8854  478 8
9396  511 8
13284  612 9
9732  525 8
8674  465 8
10390  531 8
8996  476 8
9068  496 8
8510  455 8
8574  461 8
8002  416 8
9860  521 8
9580  528 8
8838  475 8
7822  430 8
7392  403 8
9366  509 8
13840  642 9
9508  524 8
13740  656 9
9350  492 8
11486  532 9
9172  492 8
9238  499 8
8878  472 8
10462  560 8
12380  586 9
8980  496 8
9652  505 8
8788  468 8
7766  429 8
9710  536 8
9118  492 8
9430  512 8
12774  605 9
11046  578 8
9580  513 8
7910  412 8
14780  736 9
8702  472 8
9956  559 8
14278  684 9
9692  519 8
7814  415 8
10030  541 8
7646  403 8
9126  493 8
8934  472 8
9468  516 8
9158  481 8
9340  496 8
9580  528 8
8484  459 8
9294  497 8
8804  477 8
9174  500 8
8022  424 8
9062  495 8
8958  477 8
9174  494 8
