8956  480 8
8124  456 8
8860  486 8
9002  490 8
8068  451 8
7614  414 8
8468  451 8
8940  480 8
8708  469 8
8398  444 8
9188  498 8
8708  459 8
7950  420 8
8164  462 8
8462  451 8
8036  443 8
8962  499 8
8282  458 8
9502  503 8
8956  490 8
8996  490 8
9356  526 8
9908  535 8
8214  442 8
8860  483 8
13026  612 9
9012  497 8
9514  512 8
8844  480 8
12566  602 9
8484  455 8
8996  484 8
8956  485 8
8902  478 8
9142  495 8
7814  422 8
8388  443 8
12694  603 9
8996  495 8
9508  526 8
12132  567 9
11750  548 9
8844  484 8
9084  500 8
11654  538 9
13004  615 9
9186  494 8
8940  477 8
9884  538 8
7822  430 8
8540  448 8
8748  472 8
8718  471 8
9136  483 8
8702  470 8
8956  490 8
7890  434 8
8540  457 8
10132  547 8
8500  460 8
8662  469 8
9276  508 8
8552  458 8
9950  547 8
8320  434 8
8860  482 8
8782  477 8
8782  471 8
8900  479 8
7814  421 8
8996  487 8
8860  480 8
8900  483 8
8484  462 8
10366  558 8
8642  470 8
10682  582 8
8900  487 8
8996  502 8
10962  498 9
8478  442 8
10148  540 8
9058  489 8
8478  452 8
9508  516 8
8990  487 8
9332  492 8
8580  460 8
8226  457 8
8148  435 8
8918  480 8
8500  466 8
8484  474 8
7488  416 8
9018  497 8
8524  464 8
11576  519 9
9316  506 8
9508  523 8
9058  483 8
9284  501 8
8996  495 8
7906  431 8
8558  459 8
9468  511 8
8612  453 8
8702  466 8
8676  468 8
7990  431 8
8996  498 8
10108  546 8
9012  498 8
8260  447 8
8702  466 8
9492  515 8
8860  473 8
8400  446 8
8676  466 8
9496  505 8
8568  464 8
9192  510 8
7954  415 8
9152  481 8
9990  541 8
8524  451 8
9036  483 8
8860  459 8
8254  431 8
9406  504 8
7884  444 8
9468  516 8
9002  490 8
9372  500 8
9934  542 8
9220  505 8
8956  486 8
8724  458 8
8422  447 8
9166  485 8
9894  525 8
8142  446 8
9142  490 8
8820  491 8
8406  450 8
8776  466 8
8204  463 8
8996  488 8
9294  505 8
9468  511 8
8980  491 8
9170  487 8
8260  466 8
8956  480 8
8170  438 8
9058  499 8
9446  507 8
8680  459 8
8606  464 8
9412  516 8
9508  522 8
8614  459 8
9372  504 8
9406  493 8
8108  448 8
8866  485 8
8934  480 8
9996  533 8
8702  464 8
8574  459 8
11358  520 9
9750  516 8
8850  479 8
9182  504 8
9716  519 8
7940  445 8
8878  493 8
8770  469 8
8844  482 8
9058  505 8
7910  422 8
8956  459 8
9186  503 8
8628  464 8
9868  541 8
9766  547 8
8580  452 8
9716  535 8
8366  440 8
8696  466 8
8850  478 8
9316  506 8
10126  542 8
8776  466 8
8282  466 8
9630  516 8
8598  458 8
8646  451 8
8764  471 8
7950  431 8
7844  434 8
8996  484 8
9316  522 8
8844  480 8
11592  522 9
8956  494 8
8158  441 8
8478  456 8
9058  494 8
8484  460 8
12300  574 9
11974  553 9
9294  497 8
8422  461 8
8422  443 8
8540  460 8
8950  484 8
10074  550 8
9784  522 8
8148  455 8
8934  485 8
13638  658 9
9030  503 8
8844  470 8
9956  533 8
9356  515 8
8358  454 8
8686  462 8
9446  506 8
7590  415 8
8894  490 8
8180  445 8
9790  517 8
8940  492 8
8636  465 8
8804  483 8
9180  498 8
8496  450 8
8518  452 8
8540  479 8
8726  458 8
8614  461 8
8062  461 8
10052  529 8
8956  494 8
9862  532 8
8006  428 8
7994  451 8
8574  474 8
9042  503 8
8782  478 8
9508  518 8
11002  585 8
9492  509 8
8484  453 8
9732  525 8
8798  465 8
8366  455 8
9350  515 8
8068  448 8
8484  462 8
7652  409 8
9204  489 8
8540  454 8
8922  498 8
8028  454 8
7804  428 8
7978  423 8
8462  448 8
8462  447 8
8164  467 8
8540  463 8
8654  466 8
12564  595 9
9014  493 8
10024  540 8
9508  509 8
8130  458 8
9446  516 8
8996  491 8
8382  442 8
9282  523 8
9018  469 8
8894  481 8
8226  458 8
8996  470 8
9226  514 8
8860  478 8
8052  455 8
7450  421 8
8918  485 8
7910  432 8
8300  471 8
8446  460 8
8478  464 8
7950  426 8
8204  465 8
8922  475 8
9710  516 8
8918  486 8
8860  479 8
11654  547 9
8640  466 8
13222  609 9
8974  484 8
8838  471 8
9468  514 8
9564  496 8
8844  475 8
9058  497 8
9198  506 8
8364  442 8
9070  487 8
8080  435 8
8980  506 8
8606  456 8
8580  448 8
7428  393 8
8220  462 8
8362  474 8
8478  448 8
8980  480 8
8028  432 8
8894  483 8
8168  433 8
9288  490 8
9372  510 8
7830  429 8
9180  512 8
10542  554 8
8890  476 8
12358  575 9
12620  595 9
8422  445 8
9772  530 8
8956  486 8
7804  413 8
8698  461 8
8828  479 8
8996  488 8
8654  473 8
8838  478 8
9052  495 8
9204  487 8
8462  456 8
9090  500 8
8422  455 8
9450  523 8
7750  430 8
9548  529 8
8620  460 8
8940  489 8
9732  522 8
10182  529 8
8766  487 8
9310  510 8
8496  453 8
8342  448 8
8962  483 8
8028  450 8
10204  532 8
9418  510 8
8204  442 8
8692  458 8
8164  468 8
8654  462 8
8922  492 8
8702  468 8
8028  432 8
9186  491 8
11008  588 8
8586  464 8
9126  499 8
9084  488 8
8294  432 8
9126  496 8
9294  495 8
9338  513 8
8996  497 8
8974  485 8
8422  451 8
9340  502 8
7652  403 8
8956  493 8
7636  427 8
8708  473 8
14054  664 9
9180  497 8
9390  516 8
8820  480 8
7774  418 8
12588  603 9
12132  568 9
8934  474 8
9372  503 8
9316  513 8
8720  467 8
10132  538 8
8806  474 8
9788  515 8
9276  490 8
9220  492 8
8452  466 8
8574  455 8
8614  464 8
8210  459 8
9294  511 8
8926  479 8
8764  470 8
8770  481 8
8934  472 8
7934  426 8
9094  489 8
9914  547 8
8164  467 8
8926  482 8
9204  504 8
8782  472 8
8124  441 8
9356  516 8
8838  479 8
7994  462 8
8934  466 8
8628  468 8
8708  462 8
8928  477 8
8974  494 8
8460  450 8
9316  512 8
8866  472 8
7844  438 8
8996  479 8
9396  504 8
13346  629 9
7854  423 8
8114  445 8
9276  489 8
8726  471 8
9030  492 8
8940  475 8
8956  499 8
8620  473 8
8894  469 8
9014  492 8
8844  480 8
8304  440 8
9316  513 8
8772  472 8
8996  476 8
9142  482 8
9692  527 8
8028  440 8
7950  431 8
7788  432 8
8204  444 8
8220  442 8
8934  485 8
8922  488 8
10598  568 8
9220  488 8
8708  470 8
8940  479 8
9428  513 8
8894  478 8
8614  466 8
8680  460 8
8974  495 8
9052  480 8
8456  435 8
9928  532 8
8708  468 8
8990  484 8
9080  475 8
8596  459 8
9236  503 8
8102  446 8
8956  487 8
10958  567 8
16360  753 9
8220  438 8
9468  511 8
8724  477 8
9110  489 8
8550  465 8
8826  473 8
9294  498 8
8462  451 8
8758  467 8
10332  560 8
8676  467 8
9732  515 8
9558  498 8
10236  552 8
9052  497 8
8524  447 8
8574  459 8
8130  439 8
8912  484 8
8894  470 8
9018  480 8
8478  466 8
9052  485 8
8884  479 8
8046  432 8
8220  468 8
9310  503 8
8068  442 8
8444  451 8
9732  520 8
9036  492 8
12508  599 9
8322  448 8
9244  499 8
9750  538 8
8478  445 8
8124  427 8
8934  470 8
8124  433 8
8574  458 8
9418  517 8
8012  451 8
9058  494 8
8220  442 8
9676  533 8
8180  447 8
8388  456 8
13346  623 9
8922  481 8
7742  428 8
8860  482 8
13508  629 9
9180  510 8
9062  494 8
8996  482 8
9220  501 8
9548  519 8
9434  510 8
8260  453 8
8724  473 8
7816  437 8
8798  459 8
8804  473 8
8130  454 8
8860  488 8
8068  434 8
11374  602 8
8164  459 8
8462  454 8
8170  430 8
7990  427 8
9362  512 8
8764  465 8
8798  467 8
7804  426 8
7844  435 8
8244  465 8
8468  452 8
8332  453 8
9018  482 8
8860  475 8
11928  549 9
8862  453 8
9732  530 8
8838  479 8
8820  472 8
8276  434 8
8962  469 8
8536  442 8
8838  479 8
7950  412 8
7974  421 8
8518  460 8
8844  470 8
8456  441 8
8614  462 8
7718  413 8
8708  473 8
9772  520 8
9282  506 8
8764  460 8
8028  426 8
8222  441 8
8838  467 8
10462  548 8
9518  512 8
8804  460 8
9124  479 8
8878  470 8
8832  476 8
8574  466 8
12436  584 9
8916  485 8
8860  480 8
9186  497 8
8900  479 8
9220  500 8
9276  506 8
9396  519 8
8950  478 8
9238  489 8
8860  485 8
8204  465 8
8996  496 8
8500  454 8
9356  511 8
8360  435 8
10406  540 8
8574  454 8
8462  446 8
8540  457 8
7836  420 8
7388  407 8
8900  486 8
8244  468 8
8878  480 8
12278  556 9
8974  481 8
9052  502 8
9166  488 8
8068  435 8
7810  442 8
8806  474 8
8074  450 8
9220  501 8
9334  483 8
8040  435 8
9338  505 8
8264  441 8
9428  491 8
9378  509 8
8660  471 8
8422  457 8
7804  427 8
7692  435 8
8962  479 8
8996  502 8
9018  496 8
9356  503 8
8934  487 8
9428  514 8
8028  424 8
8068  445 8
8558  450 8
12008  552 9
9530  530 8
9334  504 8
9064  475 8
8320  445 8
9468  515 8
8804  479 8
8124  440 8
9372  503 8
8142  454 8
10170  535 8
8956  493 8
8996  488 8
9374  491 8
8692  461 8
7988  428 8
8006  428 8
8602  467 8
8276  453 8
9124  505 8
9086  481 8
9282  517 8
9006  497 8
9418  521 8
13700  637 9
8956  469 8
9332  502 8
10310  546 8
9012  496 8
8130  447 8
8742  471 8
10614  564 8
8860  478 8
8124  437 8
8844  468 8
9372  504 8
8266  446 8
8894  468 8
9092  494 8
8702  479 8
8332  445 8
9524  508 8
8326  459 8
10284  533 8
9310  492 8
9564  526 8
8164  435 8
8894  486 8
7910  437 8
8782  464 8
7488  399 8
8350  438 8
8204  469 8
8400  438 8
9092  483 8
8090  452 8
8708  465 8
8422  452 8
8108  454 8
10508  564 8
8130  460 8
8084  435 8
7906  444 8
7462  421 8
9372  507 8
8822  484 8
8022  422 8
8540  471 8
7438  408 8
7850  431 8
8996  483 8
8378  450 8
7910  414 8
12144  575 9
8108  457 8
9956  534 8
9430  525 8
8940  495 8
7868  436 8
10052  530 8
8900  486 8
8158  444 8
8638  470 8
9036  491 8
8636  464 8
11340  603 8
9214  503 8
9260  500 8
7972  431 8
10108  539 8
9018  502 8
9356  513 8
8764  459 8
10278  534 8
12076  573 9
8500  451 8
9036  490 8
8388  453 8
8028  441 8
9220  501 8
7708  435 8
8708  462 8
8148  437 8
10070  539 8
8626  477 8
13222  611 9
7612  426 8
8090  452 8
8860  470 8
9372  517 8
7972  425 8
7804  432 8
8204  446 8
8282  445 8
11020  595 8
8956  489 8
8226  464 8
8456  454 8
8866  482 8
9288  495 8
9180  480 8
8416  465 8
10114  553 8
8660  473 8
8764  471 8
9062  488 8
9220  502 8
8326  451 8
7888  422 8
9806  523 8
9446  512 8
8388  454 8
8446  441 8
8326  435 8
8090  441 8
9148  501 8
8940  507 8
8860  474 8
11212  603 8
8536  464 8
8614  460 8
8540  470 8
7708  416 8
8956  485 8
8164  444 8
8614  472 8
12132  563 9
9052  499 8
9756  523 8
8614  462 8
8956  488 8
8798  486 8
7590  416 8
7910  432 8
9362  511 8
8980  492 8
8952  470 8
9018  509 8
8676  474 8
13660  655 9
8348  451 8
9322  499 8
9564  527 8
8188  452 8
8980  492 8
8906  477 8
9580  520 8
7748  441 8
8916  488 8
10530  576 8
8630  461 8
8204  452 8
8838  479 8
8540  471 8
9812  541 8
8940  487 8
9310  500 8
8928  491 8
8282  473 8
10148  558 8
9062  484 8
8804  478 8
8798  463 8
10846  574 8
8962  486 8
9366  489 8
9180  508 8
9508  517 8
10012  535 8
9732  538 8
9316  514 8
7944  403 8
9058  495 8
7804  423 8
8244  462 8
8580  467 8
9062  514 8
8906  491 8
8204  460 8
9430  512 8
8152  426 8
10236  548 8
8484  456 8
9822  508 8
8636  474 8
7708  425 8
8856  480 8
9002  472 8
8956  497 8
8580  450 8
8490  465 8
8270  431 8
9658  510 8
8462  461 8
8760  469 8
7972  432 8
9188  489 8
8028  456 8
8388  465 8
8372  440 8
10644  572 8
8260  476 8
9334  497 8
8226  466 8
12958  610 9
12316  573 9
9554  522 8
8782  475 8
9052  509 8
9532  519 8
8996  487 8
13514  628 9
8990  494 8
8844  485 8
9710  525 8
8980  490 8
8844  475 8
9452  512 8
8980  490 8
8974  482 8
8540  451 8
8326  439 8
8804  473 8
10142  537 8
9860  518 8
8866  478 8
8918  462 8
13582  635 9
11334  525 9
12606  590 9
8894  476 8
7972  432 8
8996  487 8
7844  448 8
8656  463 8
8934  486 8
8630  474 8
8934  476 8
7836  410 8
8046  454 8
8662  463 8
9412  519 8
9874  538 8
9070  486 8
8148  441 8
7854  437 8
8646  457 8
8620  463 8
7892  424 8
9316  496 8
9534  519 8
9596  522 8
8996  503 8
9180  493 8
8466  469 8
9334  497 8
9480  512 8
8940  492 8
8546  464 8
8468  438 8
9390  510 8
9282  510 8
8580  473 8
9158  494 8
9124  496 8
9052  493 8
8164  432 8
8894  487 8
7748  429 8
8456  444 8
8510  438 8
8860  489 8
8996  475 8
8620  449 8
8940  493 8
8636  471 8
8700  458 8
9434  516 8
8642  471 8
9356  502 8
9950  536 8
8956  486 8
9316  502 8
9412  500 8
9294  502 8
8782  480 8
9868  539 8
8478  456 8
9220  495 8
9316  496 8
9378  519 8
9276  520 8
7822  410 8
8388  455 8
9334  509 8
8478  457 8
8620  467 8
8944  486 8
9738  534 8
9120  488 8
15140  728 9
10046  541 8
9732  523 8
8844  488 8
8422  455 8
9338  508 8
7828  427 8
8164  445 8
11796  541 9
8878  477 8
11098  601 8
14628  710 9
8204  462 8
13592  622 9
8934  477 8
8326  442 8
9828  535 8
9412  503 8
8620  467 8
8940  490 8
8996  480 8
9568  501 8
9316  510 8
8132  437 8
8708  482 8
8046  419 8
9068  493 8
10700  558 8
8900  479 8
8130  438 8
10082  538 8
8124  435 8
9242  512 8
8996  488 8
8974  491 8
9372  508 8
7860  438 8
9276  499 8
9090  500 8
7966  432 8
8462  448 8
8006  439 8
9058  495 8
9084  489 8
9850  536 8
8444  453 8
9396  523 8
8260  464 8
8158  439 8
8860  495 8
8822  467 8
7994  442 8
12980  614 9
8956  486 8
9542  528 8
9276  514 8
8676  463 8
8260  456 8
9468  523 8
9468  510 8
9362  518 8
8676  468 8
8724  476 8
10332  557 8
8260  443 8
8428  462 8
8484  449 8
9294  511 8
13598  634 9
9412  510 8
8068  449 8
8990  464 8
8922  480 8
8382  455 8
9070  491 8
9692  531 8
9362  506 8
9574  506 8
8900  490 8
8396  464 8
8956  482 8
7782  418 8
8574  454 8
7830  414 8
10856  480 9
9788  529 8
9002  492 8
10776  485 9
8434  466 8
8866  477 8
9468  507 8
9198  500 8
9470  510 8
9042  485 8
9294  498 8
8348  452 8
7972  436 8
10170  533 8
8590  448 8
9126  493 8
8798  476 8
9692  517 8
8782  470 8
11542  537 9
8222  440 8
9548  520 8
8422  444 8
8860  463 8
7850  430 8
8574  455 8
7884  422 8
8956  479 8
8388  433 8
8484  456 8
13014  619 9
7900  447 8
8468  454 8
8642  478 8
8022  430 8
7838  434 8
7850  435 8
7900  431 8
8538  456 8
8974  479 8
8742  462 8
9030  487 8
9828  542 8
9580  514 8
10148  540 8
8804  474 8
8918  476 8
8540  464 8
9214  501 8
9198  488 8
9356  517 8
9334  502 8
8752  473 8
7990  442 8
9148  485 8
8090  447 8
10822  566 8
7788  429 8
9558  508 8
8614  472 8
8956  474 8
8388  448 8
8368  438 8
7462  416 8
9092  491 8
10446  539 8
9030  483 8
8860  481 8
8900  481 8
8654  466 8
12272  562 9
9148  505 8
11260  507 9
14424  673 9
8258  436 8
9042  502 8
8316  435 8
9334  511 8
8996  504 8
8782  476 8
10148  559 8
9508  502 8
7972  432 8
8860  473 8
8260  439 8
9018  507 8
9526  513 8
8782  473 8
8388  454 8
8028  459 8
8108  433 8
8320  449 8
9372  504 8
8990  480 8
8484  449 8
8766  471 8
8298  447 8
8422  453 8
8198  461 8
8636  477 8
8732  477 8
8102  426 8
8260  456 8
9118  492 8
9816  511 8
8558  462 8
9026  489 8
9282  525 8
8940  480 8
8838  474 8
8630  477 8
9434  507 8
8866  471 8
8220  459 8
9794  529 8
8260  465 8
8798  476 8
9334  502 8
8646  464 8
8158  458 8
8988  474 8
9828  542 8
8844  485 8
9468  509 8
9244  511 8
8812  471 8
8822  472 8
8444  457 8
9732  521 8
9324  506 8
8490  461 8
8630  461 8
9316  492 8
10372  556 8
9078  483 8
8686  471 8
10700  573 8
8996  496 8
11520  531 9
9372  510 8
7556  408 8
8460  439 8
9154  491 8
8614  459 8
8636  471 8
9848  517 8
8070  440 8
8940  495 8
8500  454 8
8530  467 8
7708  436 8
8958  481 8
9534  500 8
8800  468 8
9326  502 8
8940  474 8
8660  469 8
9390  509 8
10620  573 8
9146  495 8
9934  523 8
8502  459 8
8320  442 8
7828  441 8
9294  500 8
9198  496 8
8070  442 8
9260  473 8
8456  452 8
8962  488 8
8340  447 8
7844  436 8
9548  513 8
7884  450 8
9406  503 8
8798  475 8
10508  573 8
9782  519 8
8366  448 8
7624  420 8
8860  467 8
10086  520 8
8456  454 8
8226  453 8
8068  453 8
8838  469 8
7692  441 8
7694  409 8
9362  518 8
8860  479 8
9148  478 8
9692  526 8
8508  458 8
8676  463 8
8764  474 8
8052  453 8
8900  481 8
11772  549 9
8210  438 8
8366  451 8
8598  462 8
9084  492 8
8838  471 8
8204  470 8
8766  472 8
8566  470 8
8496  463 8
8422  459 8
9508  516 8
9356  515 8
8642  463 8
8940  468 8
8732  477 8
9036  504 8
9452  508 8
9372  500 8
8900  474 8
9766  507 8
12812  615 9
7708  424 8
8868  480 8
8164  468 8
9906  525 8
8456  456 8
9390  504 8
8642  465 8
9772  540 8
9030  495 8
8884  485 8
10486  555 8
9006  478 8
8260  444 8
10188  540 8
9170  493 8
8052  441 8
9468  510 8
8980  488 8
8226  453 8
9180  506 8
9018  496 8
12828  604 9
10142  534 8
8012  446 8
16286  779 9
10012  534 8
8382  459 8
8860  479 8
8406  453 8
8062  431 8
9132  491 8
9012  491 8
9772  526 8
8174  438 8
10620  553 8
8656  454 8
9322  516 8
8686  461 8
8718  468 8
9474  510 8
8860  465 8
8164  447 8
9036  492 8
7906  449 8
8332  450 8
8680  466 8
8028  433 8
8074  444 8
9226  490 8
8148  460 8
8962  481 8
8748  468 8
10036  512 8
8248  433 8
9884  543 8
8980  495 8
9084  497 8
8888  480 8
7972  426 8
10548  566 8
14172  656 9
8764  474 8
8644  466 8
8540  466 8
10884  581 8
9838  515 8
9596  514 8
8404  448 8
9242  498 8
8676  469 8
9220  500 8
8320  441 8
9372  508 8
8438  447 8
8798  464 8
8204  456 8
8580  468 8
8826  480 8
9220  491 8
10030  534 8
9996  531 8
9076  485 8
10462  569 8
8708  480 8
8244  473 8
7612  426 8
9052  500 8
7422  395 8
9220  488 8
9018  490 8
7918  445 8
8174  430 8
7904  417 8
8798  486 8
8108  440 8
9732  515 8
9530  508 8
9182  476 8
8090  452 8
11234  600 8
8580  459 8
9468  505 8
8244  429 8
7900  438 8
10666  572 8
8586  471 8
8478  458 8
9508  515 8
8580  452 8
9322  505 8
8676  462 8
8996  480 8
8068  455 8
8866  477 8
8108  436 8
9002  474 8
8158  451 8
8326  447 8
8940  481 8
9242  508 8
8878  469 8
8068  433 8
8260  463 8
8502  472 8
7844  436 8
9220  519 8
11940  551 9
8590  455 8
8980  499 8
8404  443 8
9356  517 8
8182  449 8
9468  522 8
11980  575 9
9372  495 8
8956  482 8
9356  510 8
8360  436 8
8754  463 8
8980  481 8
8164  443 8
8838  481 8
8918  480 8
9732  512 8
9518  507 8
8462  450 8
8344  447 8
8900  478 8
8316  459 8
8382  451 8
8804  474 8
8422  448 8
8848  467 8
9868  539 8
8698  476 8
8182  440 8
8260  463 8
8940  484 8
9692  526 8
8028  426 8
8266  447 8
8254  449 8
8062  435 8
8558  454 8
8804  468 8
8980  489 8
7788  434 8
9220  493 8
8524  453 8
9036  486 8
9154  499 8
8282  465 8
8632  471 8
8940  494 8
9654  519 8
9180  491 8
12104  567 9
8164  473 8
9180  503 8
8980  488 8
8298  424 8
8922  481 8
9486  515 8
10148  540 8
9518  501 8
8558  452 8
9282  515 8
8260  465 8
9372  512 8
9788  518 8
12088  562 9
9102  476 8
8188  427 8
7664  417 8
8878  470 8
8816  470 8
8866  471 8
8614  467 8
8764  466 8
8422  444 8
8462  445 8
8102  442 8
9058  499 8
8788  477 8
9220  510 8
7828  436 8
8962  489 8
9188  505 8
9412  488 8
8956  500 8
8444  447 8
8642  469 8
9654  520 8
8294  451 8
8068  440 8
9356  509 8
13116  633 9
7900  439 8
8012  425 8
8108  451 8
8164  441 8
8636  466 8
8844  480 8
8676  463 8
8164  452 8
8226  449 8
8416  454 8
8996  484 8
9310  488 8
8440  450 8
9334  490 8
9276  497 8
9012  475 8
8446  458 8
8614  465 8
8996  500 8
10660  568 8
8860  470 8
7384  406 8
8636  465 8
9316  519 8
7782  434 8
8636  471 8
8462  450 8
11238  508 9
8546  449 8
9692  522 8
8102  436 8
8934  482 8
9024  490 8
8748  466 8
8996  484 8
9356  490 8
8776  467 8
8478  445 8
9172  494 8
10586  567 8
8764  475 8
8270  444 8
9498  520 8
8462  440 8
8168  412 8
8872  466 8
7782  432 8
9322  501 8
8764  472 8
8614  465 8
8798  487 8
9036  486 8
9658  530 8
9726  534 8
8630  467 8
9508  518 8
8142  432 8
9110  476 8
8894  488 8
12508  598 9
8916  486 8
7804  435 8
8462  464 8
9276  508 8
11614  541 9
8484  458 8
9452  511 8
9756  538 8
9390  510 8
8136  412 8
8300  451 8
8748  464 8
9492  514 8
7854  419 8
9468  506 8
11086  593 8
13318  643 9
9534  509 8
9316  505 8
8148  436 8
8844  475 8
9260  498 8
8260  472 8
9294  511 8
8006  418 8
9180  489 8
9418  515 8
8424  440 8
8956  492 8
8614  457 8
8244  465 8
9922  520 8
9372  507 8
10018  545 8
12190  578 9
8226  460 8
8056  438 8
8492  458 8
9180  492 8
10726  574 8
8686  472 8
9512  519 8
8860  486 8
9514  505 8
9154  496 8
8698  471 8
8996  488 8
9908  544 8
8372  452 8
8574  469 8
9350  504 8
9102  497 8
9046  485 8
8068  444 8
7940  451 8
8956  491 8
9254  516 8
9084  495 8
9018  497 8
8996  484 8
7910  441 8
8996  486 8
8758  462 8
8916  480 8
9428  518 8
9974  530 8
8862  477 8
8624  465 8
9372  511 8
9132  509 8
9276  522 8
9950  534 8
12384  579 9
8534  455 8
10092  544 8
8404  455 8
7978  423 8
8804  485 8
9198  487 8
7788  439 8
8620  457 8
8090  457 8
8646  464 8
10126  525 8
8844  488 8
9188  481 8
8956  474 8
8804  480 8
8366  430 8
9570  530 8
8900  482 8
9468  518 8
9384  508 8
9118  491 8
9492  516 8
9078  504 8
9372  503 8
10238  549 8
14156  673 9
8164  460 8
8614  462 8
9012  491 8
8444  454 8
10164  540 8
8620  470 8
9220  497 8
8838  473 8
8524  470 8
13374  632 9
10242  544 8
8782  480 8
8360  438 8
8996  485 8
8952  482 8
8444  452 8
8956  492 8
9580  518 8
10058  538 8
8822  479 8
9468  513 8
9228  506 8
8662  475 8
8260  451 8
7692  432 8
8052  438 8
12288  592 9
8534  475 8
9356  513 8
7932  431 8
8844  472 8
8558  463 8
9748  530 8
9214  503 8
9512  501 8
8996  488 8
9126  486 8
9002  483 8
8676  471 8
8804  486 8
8028  445 8
9068  484 8
8388  450 8
8214  439 8
9052  503 8
8028  433 8
9366  508 8
9260  507 8
8068  459 8
8614  457 8
8422  448 8
8770  477 8
8940  508 8
9396  516 8
9356  528 8
7332  408 8
8988  477 8
10306  547 8
8620  466 8
8596  459 8
7764  432 8
8180  447 8
9058  497 8
7550  411 8
8462  452 8
9220  502 8
8164  459 8
8574  466 8
9220  493 8
10508  574 8
9990  522 8
10030  534 8
8726  484 8
8462  458 8
9058  516 8
8676  472 8
8388  463 8
7708  432 8
8046  450 8
9332  503 8
9412  511 8
12598  597 9
8934  473 8
10620  555 8
8462  456 8
9468  516 8
8922  485 8
8006  443 8
10998  588 8
9508  517 8
8646  462 8
10206  543 8
8956  491 8
8204  461 8
7892  421 8
9552  516 8
7990  415 8
9356  504 8
7288  403 8
8620  437 8
8826  488 8
9750  520 8
8484  458 8
8108  436 8
8636  474 8
8502  453 8
9018  491 8
8342  446 8
8142  434 8
8568  456 8
8742  476 8
8614  466 8
8478  456 8
8552  460 8
9036  479 8
9356  510 8
8844  487 8
8860  493 8
8878  478 8
8928  462 8
9530  527 8
8798  478 8
8366  448 8
11772  573 9
9288  507 8
7764  402 8
8204  466 8
8996  499 8
8884  487 8
8686  458 8
9220  498 8
9032  490 8
7972  437 8
8180  441 8
8960  477 8
7898  422 8
8174  426 8
8804  472 8
8704  478 8
8068  450 8
8096  433 8
8598  468 8
8102  432 8
9080  492 8
7984  423 8
8820  475 8
9564  529 8
9350  513 8
11790  552 9
9350  490 8
7646  424 8
7876  438 8
8940  477 8
8316  457 8
8820  467 8
9018  484 8
7750  437 8
8748  465 8
10114  551 8
8996  488 8
8500  465 8
8956  493 8
8500  456 8
8932  493 8
9086  490 8
10484  557 8
7876  423 8
9924  538 8
8612  446 8
8636  463 8
9316  516 8
7614  413 8
7972  432 8
7804  438 8
8860  480 8
9188  486 8
8620  451 8
8642  471 8
12446  592 9
10332  570 8
8068  436 8
8860  485 8
8614  459 8
9462  492 8
8500  461 8
8462  462 8
9182  493 8
8124  436 8
9180  490 8
8782  459 8
9148  495 8
8090  453 8
8866  466 8
9164  500 8
7764  421 8
8980  494 8
10058  534 8
8334  444 8
8940  488 8
8716  474 8
8518  453 8
9542  507 8
9916  537 8
8596  448 8
9214  490 8
8598  465 8
8388  451 8
7850  440 8
8198  448 8
8860  481 8
8204  464 8
8950  476 8
8670  474 8
8642  464 8
8940  477 8
9148  501 8
10052  554 8
9418  521 8
8900  470 8
9446  508 8
9428  516 8
8322  448 8
9226  502 8
10446  564 8
8788  477 8
9434  519 8
8956  493 8
8646  466 8
10148  541 8
8772  474 8
12468  584 9
10126  542 8
8646  464 8
8382  453 8
9378  517 8
7748  428 8
8108  436 8
9310  495 8
8844  477 8
8348  446 8
8866  482 8
9356  512 8
8676  472 8
10148  552 8
9018  478 8
8996  490 8
8574  458 8
8540  468 8
8276  453 8
9508  521 8
9412  490 8
8772  480 8
8820  471 8
9148  496 8
12058  570 9
8614  468 8
7804  431 8
8832  480 8
9042  486 8
8584  458 8
10360  549 8
9058  488 8
7850  426 8
9220  502 8
8990  492 8
9874  537 8
8844  476 8
9180  505 8
8838  476 8
8838  482 8
8518  450 8
9020  497 8
9294  512 8
9158  480 8
8164  471 8
9486  521 8
8068  440 8
9372  521 8
8766  470 8
8996  492 8
9180  501 8
9310  498 8
9732  539 8
7876  421 8
8620  464 8
8776  454 8
13414  649 9
8260  470 8
8716  473 8
8956  490 8
8940  492 8
9890  537 8
8124  440 8
9084  498 8
9598  516 8
10580  560 8
8844  481 8
8438  454 8
8108  432 8
8124  448 8
8962  486 8
9372  512 8
8860  485 8
8068  448 8
7906  447 8
9092  493 8
9502  524 8
8838  480 8
10114  548 8
8540  452 8
8456  452 8
8996  497 8
9014  475 8
9272  498 8
8680  456 8
9372  511 8
8068  449 8
8574  458 8
9180  499 8
8202  426 8
8164  462 8
9092  480 8
7910  419 8
8198  460 8
9276  495 8
9412  506 8
10012  537 8
8018  432 8
8860  475 8
8934  483 8
9238  486 8
8524  472 8
8996  487 8
9260  500 8
8316  458 8
9052  477 8
8068  452 8
8742  479 8
8500  450 8
9012  490 8
9006  489 8
8518  456 8
8974  499 8
8304  437 8
9078  491 8
8686  465 8
8980  491 8
10930  494 9
8462  462 8
8592  469 8
8636  468 8
9220  493 8
9468  525 8
8940  486 8
9018  488 8
9294  505 8
8068  455 8
9180  500 8
9862  532 8
8782  468 8
8838  482 8
8934  483 8
8348  444 8
8164  451 8
9806  511 8
8388  447 8
10164  551 8
8574  458 8
8062  438 8
8838  481 8
9372  509 8
9738  516 8
8382  455 8
8698  472 8
8518  464 8
8142  425 8
9002  501 8
8102  438 8
8086  426 8
10406  564 8
8708  466 8
9356  507 8
10326  545 8
8928  484 8
8388  444 8
7798  430 8
13380  641 9
8230  437 8
8934  480 8
9238  518 8
8108  444 8
10660  567 8
8022  455 8
8860  482 8
8366  444 8
9710  537 8
8940  489 8
9652  518 8
9052  493 8
9148  486 8
8878  482 8
10710  577 8
7932  439 8
8068  420 8
9220  506 8
8996  487 8
8956  480 8
8844  481 8
8686  454 8
7822  437 8
9372  495 8
8996  494 8
9244  499 8
8550  459 8
8276  443 8
8996  495 8
8636  476 8
8260  443 8
10800  483 9
7422  414 8
8530  452 8
7476  404 8
9180  509 8
8804  484 8
9018  504 8
9356  488 8
8878  473 8
7926  441 8
8120  437 8
8996  485 8
9378  505 8
12244  574 9
8474  458 8
9138  501 8
9102  499 8
8922  484 8
9356  503 8
11558  533 9
8304  450 8
9180  498 8
8604  466 8
8742  459 8
9368  481 8
8478  465 8
8692  465 8
9356  505 8
9372  519 8
8820  471 8
8660  466 8
9378  501 8
8828  485 8
8068  440 8
10210  557 8
8540  457 8
8698  466 8
9148  483 8
9158  483 8
8540  459 8
8798  474 8
10338  553 8
14492  682 9
7844  438 8
14470  700 9
14424  687 9
8636  485 8
9220  492 8
8388  456 8
8468  443 8
7804  439 8
8822  459 8
7612  428 8
8996  475 8
9220  509 8
8102  426 8
9052  486 8
9084  507 8
8942  479 8
13756  655 9
8844  479 8
8478  452 8
8906  486 8
9316  504 8
9294  504 8
9188  495 8
8996  482 8
8210  460 8
9356  507 8
7804  429 8
8804  477 8
9220  503 8
7844  440 8
8546  457 8
8300  449 8
11580  536 9
8996  488 8
9748  505 8
9198  489 8
9570  524 8
7726  421 8
8124  434 8
10598  563 8
7898  418 8
10766  574 8
10204  543 8
8980  494 8
8980  492 8
7932  434 8
9220  517 8
8860  488 8
9164  501 8
8204  451 8
8366  442 8
9316  510 8
8534  454 8
8204  456 8
8422  448 8
9694  529 8
8974  486 8
9362  512 8
7798  433 8
9254  509 8
10564  534 8
8564  471 8
8742  460 8
9316  526 8
8894  467 8
8844  480 8
9124  495 8
8602  467 8
8724  482 8
8894  493 8
8286  451 8
8940  484 8
9220  502 8
8388  451 8
8860  473 8
8164  457 8
12024  552 9
9852  528 8
8860  485 8
8446  459 8
8996  496 8
9070  488 8
9832  513 8
9316  510 8
9356  504 8
8996  483 8
8832  474 8
8996  503 8
9428  518 8
8636  471 8
8782  476 8
8524  457 8
8934  484 8
9350  503 8
9468  518 8
7966  410 8
8068  450 8
9396  509 8
8660  466 8
8320  441 8
11480  533 9
8630  465 8
8798  474 8
8860  488 8
8676  460 8
9002  495 8
8782  474 8
9356  515 8
9340  509 8
9446  520 8
8342  451 8
9340  493 8
9166  484 8
8546  463 8
9378  512 8
10338  539 8
8220  455 8
8844  492 8
9030  492 8
12740  606 9
8860  472 8
8540  453 8
9924  539 8
9772  519 8
8730  470 8
9512  500 8
7844  429 8
9180  489 8
8974  489 8
8558  470 8
8702  476 8
7844  428 8
10638  564 8
8646  466 8
8778  472 8
8770  477 8
8406  454 8
8844  477 8
8260  443 8
11772  561 9
9180  506 8
9018  500 8
12278  582 9
8204  457 8
8544  456 8
11198  520 9
8388  446 8
9316  502 8
8540  463 8
8798  466 8
9058  502 8
9086  492 8
8304  438 8
7754  434 8
11614  557 9
8958  471 8
9080  499 8
8282  471 8
8940  490 8
9278  498 8
8636  474 8
9254  493 8
10332  537 8
9636  523 8
9430  515 8
8838  480 8
8028  440 8
9372  520 8
12036  566 9
11260  520 9
9396  507 8
9310  511 8
9772  509 8
8620  472 8
8242  450 8
8974  489 8
9182  498 8
8702  480 8
9508  522 8
9322  508 8
8934  481 8
8850  488 8
10580  563 8
9018  494 8
9316  520 8
10446  554 8
8552  454 8
9548  514 8
9300  498 8
8614  460 8
13436  650 9
8912  460 8
10508  567 8
8636  463 8
8764  462 8
8220  474 8
10884  583 8
7666  406 8
8438  443 8
8922  489 8
8546  463 8
8636  463 8
8860  486 8
8770  482 8
8894  480 8
9452  500 8
9002  485 8
9390  501 8
10030  538 8
9396  507 8
9006  485 8
8558  455 8
8202  445 8
8860  475 8
10714  476 9
9592  517 8
9308  506 8
8266  470 8
8654  463 8
8348  455 8
8854  476 8
8348  446 8
9310  496 8
9412  507 8
8698  472 8
10564  574 8
9220  496 8
8770  475 8
9412  518 8
8614  463 8
9754  529 8
10468  560 8
7990  428 8
8860  485 8
8164  461 8
7844  437 8
8614  461 8
9356  517 8
13660  668 9
9660  523 8
8636  465 8
8708  471 8
8558  461 8
8484  465 8
7866  455 8
8586  471 8
13756  649 9
8540  471 8
8670  464 8
9924  513 8
7972  419 8
9474  519 8
8102  424 8
9248  494 8
9058  495 8
7988  438 8
7804  445 8
8974  486 8
9278  510 8
8484  455 8
11228  602 8
8484  445 8
11248  505 9
8468  461 8
8540  454 8
9620  532 8
12094  557 9
9356  511 8
9124  491 8
10884  575 8
8820  479 8
8878  487 8
11982  563 9
13156  626 9
7966  421 8
8230  434 8
9316  514 8
8770  483 8
7766  423 8
8626  474 8
9002  482 8
8956  490 8
8980  489 8
7804  429 8
9890  546 8
8130  446 8
8956  494 8
8546  464 8
8798  476 8
9124  498 8
7836  423 8
8170  465 8
8462  457 8
8860  483 8
8974  499 8
9002  496 8
10064  528 8
9278  492 8
9170  477 8
9220  498 8
7956  455 8
8028  451 8
9834  531 8
9322  511 8
9798  510 8
8484  475 8
8996  486 8
9180  484 8
9406  499 8
8956  483 8
7900  442 8
8540  458 8
8316  444 8
9548  516 8
8708  458 8
10012  547 8
9412  520 8
8388  451 8
8022  423 8
8484  461 8
8782  473 8
9260  504 8
8108  438 8
8326  442 8
8416  453 8
8552  446 8
12924  605 9
7182  407 8
9132  503 8
9524  508 8
8980  478 8
9220  488 8
8900  480 8
8702  471 8
9086  492 8
9350  497 8
9228  492 8
7866  436 8
9108  500 8
9378  503 8
9934  527 8
9058  484 8
8702  458 8
8490  455 8
10254  539 8
8872  492 8
9586  512 8
9468  509 8
8046  427 8
9052  493 8
7884  439 8
8614  463 8
8804  480 8
8062  443 8
13094  614 9
9226  507 8
8642  473 8
9180  520 8
9508  527 8
8620  471 8
8770  475 8
9092  493 8
8444  449 8
9006  478 8
9412  510 8
8996  467 8
8260  459 8
9068  492 8
10396  551 8
10088  528 8
8186  440 8
8654  468 8
8614  473 8
14166  684 9
8990  471 8
9148  492 8
10332  557 8
8750  479 8
10676  586 8
13364  636 9
9148  497 8
9428  515 8
9372  522 8
8854  470 8
8580  461 8
9782  526 8
8614  461 8
8204  449 8
9018  492 8
9180  501 8
8636  453 8
7972  443 8
8854  483 8
7848  419 8
9514  531 8
9090  490 8
8934  494 8
8614  463 8
9028  486 8
8860  480 8
9188  496 8
9118  498 8
8028  428 8
8416  447 8
8940  490 8
7876  428 8
10102  536 8
9422  489 8
9058  497 8
10362  558 8
13194  630 9
9854  525 8
7844  436 8
8878  487 8
8614  459 8
7884  424 8
8260  468 8
8764  473 8
8956  478 8
10142  530 8
8204  455 8
8844  483 8
9124  486 8
10254  535 8
10620  559 8
8962  486 8
8860  484 8
9356  502 8
7478  410 8
8822  476 8
9276  513 8
8822  474 8
8438  452 8
8782  472 8
8484  460 8
7850  437 8
8484  457 8
8758  463 8
10086  544 8
9492  521 8
7932  433 8
9148  482 8
8956  480 8
9356  500 8
7950  422 8
9036  480 8
8844  467 8
9052  492 8
8854  487 8
8496  467 8
8146  417 8
7710  399 8
9244  509 8
10012  541 8
9180  493 8
10508  552 8
8556  457 8
10430  547 8
9412  518 8
13228  624 9
8934  484 8
10132  528 8
8326  446 8
10598  563 8
9372  512 8
8636  464 8
9860  529 8
8962  484 8
8226  470 8
8940  486 8
8950  483 8
12036  562 9
8990  483 8
9838  527 8
8770  472 8
9922  530 8
9452  507 8
8956  492 8
8354  460 8
8204  464 8
12694  599 9
8400  448 8
8956  485 8
8844  470 8
8068  445 8
8034  441 8
8974  487 8
9036  491 8
8348  449 8
8950  488 8
9468  518 8
9052  485 8
8822  486 8
8716  470 8
8546  459 8
9524  517 8
9652  510 8
8540  453 8
9166  494 8
9300  492 8
8918  486 8
9990  535 8
7838  429 8
8164  454 8
9372  511 8
8708  473 8
7726  403 8
8404  446 8
8792  464 8
8226  454 8
8630  461 8
8922  482 8
8636  477 8
8996  477 8
7928  419 8
10126  550 8
10620  577 8
11572  619 8
7916  427 8
8776  474 8
12942  612 9
8108  433 8
9412  514 8
7750  431 8
10228  540 8
8332  444 8
8630  482 8
8996  488 8
9868  540 8
9692  512 8
9304  511 8
8636  460 8
8934  490 8
8524  467 8
8028  463 8
11974  560 9
8088  433 8
8484  460 8
8884  469 8
7900  438 8
8462  452 8
7966  440 8
14020  675 9
8506  470 8
8996  494 8
9586  535 8
7870  412 8
9220  502 8
8388  460 8
8282  453 8
8612  457 8
9372  516 8
8876  477 8
13022  602 9
8866  482 8
8368  442 8
10612  570 8
9052  486 8
8636  475 8
10012  532 8
8338  446 8
10678  566 8
9142  498 8
8266  466 8
9334  498 8
10052  522 8
8558  460 8
9166  485 8
8636  470 8
10052  556 8
8404  455 8
9434  510 8
7788  434 8
9052  499 8
8940  478 8
9084  483 8
11944  591 8
7966  419 8
9548  513 8
8934  478 8
13004  616 9
8764  474 8
9876  523 8
8606  455 8
8266  462 8
8860  476 8
9372  500 8
8708  467 8
8462  455 8
9492  495 8
9372  514 8
8484  461 8
12238  574 9
9214  496 8
8040  427 8
8456  446 8
9084  506 8
8654  460 8
8294  448 8
8068  449 8
9356  513 8
8686  458 8
10468  549 8
8636  468 8
8636  467 8
8974  483 8
8068  433 8
8366  434 8
12946  593 9
13222  603 9
8518  451 8
9138  491 8
8974  502 8
8934  476 8
9478  510 8
9692  529 8
8950  485 8
13660  656 9
9492  529 8
8642  480 8
9180  497 8
8478  458 8
8564  465 8
8860  472 8
9502  508 8
8496  450 8
8980  490 8
9002  493 8
8940  485 8
9418  530 8
8382  452 8
8462  469 8
10372  552 8
8276  446 8
10012  540 8
9518  526 8
8546  453 8
8484  460 8
8956  486 8
8956  480 8
8468  457 8
9198  505 8
13532  657 9
9462  522 8
9158  479 8
9062  477 8
10334  534 8
8676  462 8
9164  475 8
8670  458 8
9316  504 8
9390  517 8
8980  490 8
11108  601 8
9236  516 8
8682  474 8
8190  441 8
10384  536 8
8692  450 8
9908  549 8
8696  476 8
9362  514 8
9174  499 8
8916  495 8
8068  458 8
11400  518 9
8564  463 8
8580  465 8
9278  489 8
9164  500 8
7900  435 8
9154  499 8
9272  511 8
9046  488 8
9182  497 8
8524  458 8
9636  508 8
10644  561 8
8376  441 8
7866  443 8
9198  491 8
7934  424 8
9996  525 8
9018  482 8
9220  521 8
8580  463 8
8798  473 8
10148  548 8
9676  525 8
7972  427 8
9316  518 8
8242  430 8
8642  474 8
8260  460 8
9090  501 8
9180  507 8
8636  459 8
8096  421 8
9884  547 8
8940  480 8
8260  437 8
8918  464 8
8266  468 8
9930  540 8
9372  506 8
9292  508 8
8276  450 8
9294  516 8
9260  500 8
9630  508 8
9716  528 8
9310  509 8
8804  485 8
8068  456 8
9148  497 8
8636  470 8
9676  516 8
9422  508 8
8958  475 8
9092  491 8
10678  572 8
8244  443 8
9996  522 8
9220  512 8
8614  467 8
7850  454 8
7298  386 8
8524  464 8
9530  511 8
8956  479 8
9198  508 8
8260  450 8
8604  466 8
7462  409 8
8754  457 8
9242  482 8
9372  507 8
11536  516 9
8024  438 8
8028  439 8
8422  456 8
8574  463 8
11338  509 9
9564  513 8
8940  491 8
10684  568 8
7878  442 8
8326  442 8
8956  484 8
9118  494 8
8404  450 8
9494  506 8
8382  441 8
8636  470 8
7612  421 8
8028  437 8
11216  497 9
9260  483 8
7726  426 8
8860  470 8
8260  458 8
8862  480 8
8996  497 8
9086  481 8
7646  425 8
8518  467 8
9220  490 8
8468  451 8
7652  398 8
8580  457 8
9310  502 8
8934  493 8
10452  560 8
8758  475 8
8416  437 8
9014  491 8
8940  490 8
8388  453 8
8500  463 8
8438  453 8
8068  437 8
8776  475 8
9502  538 8
7804  442 8
9062  480 8
8164  439 8
9148  484 8
7804  439 8
9096  465 8
8614  474 8
10012  538 8
8638  463 8
7446  393 8
9602  523 8
8440  436 8
9002  481 8
9564  515 8
7904  414 8
9186  512 8
8068  455 8
8708  475 8
8636  466 8
12228  577 9
9356  510 8
9014  493 8
9086  479 8
7804  426 8
8078  430 8
10164  536 8
8282  450 8
9180  491 8
9414  503 8
10462  554 8
8068  445 8
8884  490 8
8540  465 8
9564  509 8
10508  573 8
8164  453 8
10822  577 8
9412  495 8
8956  482 8
9828  537 8
8412  452 8
10114  556 8
9750  534 8
8676  468 8
9294  490 8
9396  512 8
10372  552 8
8996  471 8
10026  560 8
10108  551 8
9018  496 8
8326  440 8
8108  438 8
8478  456 8
9406  496 8
8068  456 8
8764  468 8
7372  409 8
8508  450 8
9204  499 8
9118  488 8
7860  433 8
10986  588 8
9412  512 8
8940  487 8
9468  512 8
8860  476 8
8918  482 8
8356  462 8
9052  499 8
8708  465 8
8980  487 8
8118  423 8
8956  498 8
8164  441 8
8996  491 8
8804  465 8
9236  499 8
9806  536 8
10716  575 8
8776  463 8
11658  531 9
8124  441 8
10030  534 8
9356  520 8
8974  472 8
8826  472 8
8764  472 8
8764  463 8
10132  534 8
8934  479 8
7828  438 8
10372  545 8
8660  474 8
8462  448 8
8382  439 8
9916  522 8
9706  542 8
8760  473 8
8996  491 8
8558  454 8
9918  534 8
8028  445 8
8766  477 8
10508  554 8
8626  476 8
7922  419 8
8676  469 8
8204  468 8
8074  438 8
9564  516 8
8124  455 8
8860  492 8
9084  509 8
10890  584 8
9220  503 8
8860  480 8
8518  457 8
7906  438 8
8996  492 8
8040  423 8
9412  507 8
8934  477 8
8612  466 8
9036  483 8
8580  454 8
7190  388 8
8564  462 8
8174  423 8
9554  512 8
7708  425 8
8586  454 8
8592  472 8
8804  476 8
8996  485 8
7822  431 8
8052  440 8
8764  478 8
9924  546 8
9036  502 8
9158  500 8
9468  499 8
8934  480 8
8956  484 8
8940  492 8
9372  511 8
8406  453 8
14532  708 9
8164  467 8
12480  580 9
7838  440 8
9508  522 8
11498  625 8
8186  457 8
8518  465 8
9356  502 8
8860  474 8
13350  620 9
9452  500 8
8518  457 8
9766  530 8
8702  478 8
10102  535 8
9860  510 8
8244  468 8
8264  436 8
10108  541 8
8782  480 8
8574  458 8
9058  491 8
9378  517 8
13842  665 9
10428  545 8
8204  456 8
8646  466 8
8956  472 8
8478  454 8
8102  456 8
8812  479 8
8130  448 8
8996  491 8
7646  410 8
8946  499 8
8636  459 8
9378  521 8
8996  505 8
10086  550 8
9036  491 8
8422  451 8
7788  429 8
8114  466 8
9310  506 8
10102  550 8
7652  418 8
10092  532 8
8500  453 8
8580  463 8
8686  464 8
8034  442 8
9254  494 8
7804  435 8
8708  467 8
9874  532 8
8564  464 8
8804  476 8
8822  473 8
8422  446 8
10468  563 8
10012  534 8
8434  441 8
8574  456 8
8956  478 8
8838  469 8
9000  490 8
7906  443 8
8210  463 8
8686  462 8
8396  459 8
9508  515 8
9188  496 8
9058  494 8
11178  602 8
8462  439 8
8982  478 8
7798  425 8
9316  501 8
8686  458 8
10446  543 8
9092  476 8
9508  513 8
9356  522 8
8698  463 8
9412  522 8
8046  435 8
8996  494 8
9508  517 8
9204  491 8
8204  460 8
8884  477 8
7906  447 8
9310  499 8
7652  425 8
7972  441 8
9452  501 8
8856  470 8
8540  462 8
7900  438 8
9434  512 8
8860  488 8
8244  461 8
7718  395 8
8812  474 8
9084  506 8
9318  498 8
8400  438 8
8676  464 8
8164  454 8
9204  506 8
10338  548 8
11216  521 9
8130  445 8
8980  482 8
8046  440 8
7928  401 8
8940  479 8
10716  571 8
8282  471 8
8596  464 8
8720  447 8
9428  512 8
7788  438 8
8860  470 8
8300  449 8
9030  479 8
11172  609 8
8534  452 8
9514  514 8
8444  433 8
7614  418 8
8996  489 8
9972  519 8
9574  517 8
8838  469 8
8062  432 8
12436  606 9
8614  458 8
8382  459 8
8614  467 8
8782  462 8
9180  505 8
8574  458 8
9548  515 8
9220  506 8
8692  478 8
9716  521 8
9452  503 8
9860  519 8
8484  450 8
8540  454 8
7630  425 8
11160  524 9
9180  505 8
8130  460 8
8860  482 8
9372  534 8
7860  447 8
7708  414 8
9158  484 8
8100  436 8
13734  654 9
8866  480 8
9444  514 8
9316  512 8
9294  489 8
8934  493 8
8056  441 8
9834  542 8
9254  496 8
8130  454 8
8912  487 8
9220  507 8
9310  501 8
9058  502 8
10406  553 8
7550  414 8
9316  504 8
8974  471 8
8724  455 8
8708  483 8
8620  462 8
8382  444 8
10108  540 8
9832  504 8
9084  502 8
13340  645 9
11042  580 8
7810  423 8
8692  472 8
8478  463 8
8956  490 8
8422  452 8
9002  494 8
8772  480 8
9310  493 8
10028  532 8
8378  446 8
8974  475 8
9636  515 8
10012  536 8
8708  471 8
8980  483 8
8462  457 8
9132  500 8
8286  446 8
9828  535 8
8580  471 8
10148  555 8
8686  476 8
9042  493 8
8860  461 8
9372  509 8
9418  515 8
8996  483 8
8664  476 8
9316  506 8
8940  474 8
9180  503 8
8844  475 8
9142  493 8
9180  517 8
8956  477 8
12294  585 9
8854  480 8
8798  456 8
9132  499 8
9546  519 8
8748  470 8
14286  681 9
9148  513 8
9136  476 8
9452  508 8
8460  462 8
9238  500 8
9030  488 8
9238  494 8
9284  513 8
8372  437 8
9356  511 8
9236  504 8
8550  467 8
9446  511 8
9514  513 8
8962  488 8
8500  445 8
8906  478 8
8244  434 8
8636  459 8
9102  483 8
9220  493 8
9468  520 8
9146  505 8
8956  486 8
8860  472 8
8620  469 8
8180  443 8
8860  486 8
8348  446 8
11114  512 9
8742  469 8
8708  461 8
8468  458 8
8574  478 8
8366  436 8
11840  554 9
8770  479 8
8164  469 8
9356  512 8
9186  503 8
8372  444 8
8164  454 8
7988  433 8
8966  480 8
8102  457 8
9416  492 8
8844  482 8
9148  493 8
8164  455 8
9062  500 8
11118  517 9
8878  476 8
7748  420 8
10018  526 8
9508  529 8
8782  475 8
9316  506 8
8928  471 8
9692  535 8
8078  421 8
7950  445 8
9020  495 8
8900  489 8
8624  458 8
9444  505 8
10268  560 8
9090  486 8
8686  458 8
8046  442 8
8822  476 8
9990  533 8
8940  480 8
9434  506 8
12610  604 9
9310  489 8
8462  446 8
8614  462 8
8558  466 8
10366  553 8
9018  493 8
8996  494 8
8170  454 8
9322  511 8
9518  496 8
9294  495 8
8804  475 8
8416  451 8
8518  450 8
10182  542 8
8822  469 8
8782  473 8
9468  514 8
9220  525 8
8148  441 8
8260  436 8
8906  476 8
8462  468 8
8934  475 8
9990  533 8
9236  500 8
8798  482 8
8838  464 8
8822  468 8
9334  476 8
11986  543 9
9084  488 8
8056  433 8
9012  476 8
8068  445 8
9614  502 8
7972  439 8
8440  449 8
8710  491 8
8964  486 8
10502  547 8
8782  482 8
10390  561 8
9390  514 8
8164  444 8
7844  433 8
8654  476 8
9860  520 8
8332  448 8
11552  538 9
8996  491 8
9916  548 8
10108  528 8
8912  476 8
9018  501 8
8304  435 8
9412  518 8
9532  519 8
8902  478 8
9692  521 8
8748  469 8
9062  476 8
8540  457 8
8462  453 8
8216  435 8
7918  443 8
9220  494 8
8636  466 8
9514  518 8
8822  466 8
8956  484 8
12200  582 9
9046  484 8
9570  515 8
9276  505 8
8838  493 8
8620  459 8
8500  455 8
8726  479 8
9090  493 8
8962  490 8
8838  480 8
7556  411 8
8366  437 8
8956  487 8
9092  496 8
8860  480 8
8630  456 8
7950  429 8
9148  486 8
8844  496 8
8558  456 8
8974  480 8
8708  468 8
8500  455 8
8484  446 8
9084  488 8
8884  470 8
9732  525 8
9776  513 8
12884  600 9
8438  454 8
8316  456 8
9198  495 8
8404  463 8
9484  520 8
8766  455 8
7884  447 8
8922  488 8
10980  586 8
9210  505 8
8204  467 8
8654  473 8
9580  503 8
9148  497 8
8124  464 8
9294  492 8
8638  467 8
9278  510 8
8974  475 8
11082  506 9
8956  492 8
8620  462 8
9058  499 8
8574  464 8
11756  540 9
7788  430 8
9412  525 8
8860  477 8
9186  497 8
8996  491 8
9042  506 8
8354  446 8
8860  487 8
8866  485 8
9732  502 8
10148  537 8
9356  508 8
9654  530 8
8918  484 8
8496  455 8
10210  543 8
9316  505 8
9254  503 8
9384  496 8
8336  434 8
8820  482 8
9350  495 8
8244  471 8
8102  443 8
7994  449 8
8962  489 8
8798  469 8
9356  519 8
8844  466 8
8940  480 8
8174  431 8
8738  462 8
7794  433 8
9036  497 8
9356  507 8
9452  505 8
9338  502 8
8092  439 8
9486  513 8
8304  446 8
9418  505 8
9046  485 8
8012  424 8
8646  460 8
8034  450 8
7950  428 8
7932  435 8
8266  471 8
9316  508 8
8798  484 8
9974  531 8
8822  473 8
9282  516 8
8210  456 8
8226  476 8
8776  486 8
8724  469 8
8996  499 8
9036  496 8
8204  440 8
9372  512 8
8614  461 8
9002  500 8
8636  464 8
8378  447 8
9738  520 8
10700  572 8
7974  430 8
8524  458 8
8394  451 8
9750  526 8
8440  446 8
8130  452 8
10040  533 8
8244  459 8
8822  481 8
8028  431 8
8158  437 8
10508  561 8
9950  532 8
9548  538 8
7972  414 8
9362  515 8
9554  511 8
9698  516 8
8996  490 8
8006  436 8
8198  471 8
